True,full,58503687,48125.0,1,48057.44,1027,566,0.5684074143731845,2021-04-21 18:23:10,8205,8205,7951,2021-04-21 18:23:32,47933.0,48156.0,47915.0,47853.0,25,48125.0,4,10,48122.0,1,1,48121.0,1,2,48120.0,2,1,48119.0,1,1,48138.0,1,2,48139.0,2,3,48140.0,3,2,48141.0,2,3,48142.0,3
True,full,58503687,48125.0,1,48057.44,1027,552,0.5684074143731845,2021-04-21 18:23:10,8205,8205,7951,2021-04-21 18:23:44,47933.0,48156.0,47915.0,47853.0,16,48125.0,5,10,48122.0,1,1,48121.0,1,2,48120.0,2,1,48119.0,1,1,48138.0,1,3,48139.0,3,1,48140.0,1,3,48141.0,3,1,48142.0,1
True,full,58503687,48125.0,1,48057.44,1027,552,0.5684074143731845,2021-04-21 18:23:10,8205,8205,7951,2021-04-21 18:23:49,47933.0,48156.0,47915.0,47853.0,16,48125.0,5,10,48122.0,1,1,48121.0,1,2,48120.0,2,1,48119.0,1,2,48135.0,1,1,48137.0,1,2,48138.0,2,1,48139.0,1,3,48140.0,3
True,full,58503687,48125.0,1,48057.51,1028,553,0.5684074143731845,2021-04-21 18:23:50,8205,8205,7951,2021-04-21 18:24:00,47933.0,48156.0,47915.0,47853.0,16,48125.0,6,10,48122.0,1,1,48121.0,1,2,48120.0,2,1,48119.0,1,4,48135.0,3,1,48138.0,1,1,48140.0,1,2,48141.0,2,2,48143.0,2
True,full,58503687,48125.0,1,48057.51,1028,552,0.5684074143731845,2021-04-21 18:23:50,8205,8205,7951,2021-04-21 18:24:01,47933.0,48156.0,47915.0,47853.0,15,48125.0,5,10,48122.0,1,1,48121.0,1,2,48120.0,2,1,48119.0,1,4,48135.0,3,1,48140.0,1,2,48141.0,2,2,48143.0,2,1,48144.0,1
True,full,58503687,48125.0,1,48057.51,1028,552,0.5684074143731845,2021-04-21 18:23:50,8205,8205,7951,2021-04-21 18:24:03,47933.0,48156.0,47915.0,47853.0,15,48125.0,5,10,48122.0,1,1,48121.0,1,2,48120.0,2,1,48119.0,1,4,48135.0,3,1,48140.0,1,2,48141.0,2,2,48143.0,2,1,48144.0,1
True,full,58503687,48125.0,1,48057.57,1029,550,0.5684074143731845,2021-04-21 18:24:06,8206,8206,7951,2021-04-21 18:24:06,47933.0,48156.0,47915.0,47853.0,13,48125.0,4,10,48122.0,1,1,48121.0,1,2,48120.0,2,1,48119.0,1,5,48135.0,4,1,48138.0,1,3,48140.0,3,2,48141.0,2,3,48142.0,3
True,full,58503687,48125.0,1,48057.57,1029,550,0.5684074143731845,2021-04-21 18:24:06,8206,8206,7951,2021-04-21 18:24:10,47933.0,48156.0,47915.0,47853.0,12,48125.0,3,10,48122.0,1,1,48121.0,1,2,48120.0,2,1,48119.0,1,5,48135.0,4,1,48138.0,1,3,48140.0,3,2,48141.0,2,3,48142.0,3
True,full,58503687,48125.0,1,48057.57,1029,550,0.5684074143731845,2021-04-21 18:24:06,8206,8206,7951,2021-04-21 18:24:14,47933.0,48156.0,47915.0,47853.0,12,48125.0,3,10,48122.0,1,1,48121.0,1,2,48120.0,2,1,48119.0,1,6,48135.0,5,1,48138.0,1,3,48140.0,3,2,48141.0,2,3,48142.0,3
True,full,58503687,48125.0,1,48057.57,1029,552,0.5684074143731845,2021-04-21 18:24:06,8206,8206,7951,2021-04-21 18:24:24,47933.0,48156.0,47915.0,47853.0,12,48125.0,3,10,48122.0,1,1,48121.0,1,2,48120.0,2,1,48119.0,1,2,48131.0,1,4,48135.0,4,1,48138.0,1,3,48140.0,3,2,48141.0,2
True,full,58503687,48125.0,1,48057.57,1029,552,0.5684074143731845,2021-04-21 18:24:06,8206,8206,7951,2021-04-21 18:24:30,47933.0,48156.0,47915.0,47853.0,12,48125.0,3,10,48122.0,1,1,48121.0,1,2,48120.0,2,1,48119.0,1,3,48131.0,2,3,48135.0,3,1,48138.0,1,3,48140.0,3,3,48141.0,2
True,full,58503687,48131.0,1,48057.64,1030,553,0.5809458132196519,2021-04-21 18:24:31,8206,8206,7951,2021-04-21 18:24:32,47933.0,48156.0,47915.0,47853.0,12,48125.0,3,10,48122.0,1,1,48121.0,1,2,48120.0,2,1,48119.0,1,3,48131.0,3,2,48135.0,2,1,48138.0,1,3,48140.0,3,3,48141.0,2
True,full,58503687,48125.0,1,48057.9,1034,550,0.5684074143731845,2021-04-21 18:24:34,8203,8206,7951,2021-04-21 18:24:38,47933.0,48156.0,47915.0,47853.0,9,48125.0,3,10,48122.0,1,1,48121.0,1,2,48120.0,2,1,48119.0,1,1,48131.0,1,4,48135.0,4,1,48139.0,1,1,48140.0,1,4,48141.0,3
True,full,58503687,48125.0,1,48057.9,1034,551,0.5684074143731845,2021-04-21 18:24:34,8203,8206,7951,2021-04-21 18:24:39,47933.0,48156.0,47915.0,47853.0,10,48125.0,4,10,48122.0,1,1,48121.0,1,2,48120.0,2,1,48119.0,1,1,48131.0,1,2,48135.0,2,1,48140.0,1,2,48141.0,1,1,48143.0,1
True,full,58503687,48125.0,1,48057.9,1034,551,0.5684074143731845,2021-04-21 18:24:34,8203,8206,7951,2021-04-21 18:24:40,47933.0,48156.0,47915.0,47853.0,10,48125.0,4,10,48122.0,1,1,48121.0,1,2,48120.0,2,1,48119.0,1,1,48131.0,1,2,48135.0,2,1,48140.0,1,2,48141.0,1,1,48143.0,1
True,full,58503687,48125.0,1,48057.9,1034,550,0.5684074143731845,2021-04-21 18:24:34,8203,8206,7951,2021-04-21 18:24:45,47933.0,48156.0,47915.0,47853.0,8,48125.0,2,10,48122.0,1,1,48121.0,1,3,48120.0,3,1,48119.0,1,1,48131.0,1,2,48135.0,2,2,48140.0,2,3,48141.0,2,2,48143.0,2
True,full,58503687,48125.0,1,48057.9,1034,550,0.5684074143731845,2021-04-21 18:24:34,8203,8206,7951,2021-04-21 18:24:46,47933.0,48156.0,47915.0,47853.0,8,48125.0,2,10,48122.0,1,1,48121.0,1,3,48120.0,3,1,48119.0,1,1,48131.0,1,2,48135.0,2,1,48140.0,1,4,48141.0,3,2,48143.0,2
True,full,58503687,48125.0,1,48057.9,1034,552,0.5684074143731845,2021-04-21 18:24:34,8203,8206,7951,2021-04-21 18:24:46,47933.0,48156.0,47915.0,47853.0,10,48125.0,4,10,48122.0,1,1,48121.0,1,3,48120.0,3,1,48119.0,1,1,48131.0,1,2,48135.0,2,1,48140.0,1,4,48141.0,3,2,48143.0,2
True,full,58503687,48125.0,1,48057.9,1034,553,0.5684074143731845,2021-04-21 18:24:34,8203,8206,7951,2021-04-21 18:24:49,47933.0,48156.0,47915.0,47853.0,10,48125.0,4,10,48122.0,1,1,48121.0,1,3,48120.0,3,1,48119.0,1,1,48131.0,1,2,48135.0,2,1,48140.0,1,4,48141.0,3,2,48143.0,2
True,full,58503687,48125.0,1,48057.97,1035,552,0.5684074143731845,2021-04-21 18:24:51,8203,8206,7951,2021-04-21 18:24:51,47933.0,48156.0,47915.0,47853.0,9,48125.0,4,10,48122.0,1,1,48121.0,1,3,48120.0,3,1,48119.0,1,1,48131.0,1,2,48135.0,2,1,48140.0,1,4,48141.0,3,2,48143.0,2
True,full,58503687,48125.0,1,48057.97,1035,552,0.5684074143731845,2021-04-21 18:24:51,8203,8206,7951,2021-04-21 18:24:53,47933.0,48156.0,47915.0,47853.0,9,48125.0,4,10,48122.0,1,1,48121.0,1,3,48120.0,3,1,48119.0,1,2,48135.0,2,1,48140.0,1,4,48141.0,3,2,48143.0,2,2,48144.0,2
True,full,58503687,48125.0,1,48057.97,1035,553,0.5684074143731845,2021-04-21 18:24:51,8203,8206,7951,2021-04-21 18:24:55,47933.0,48156.0,47915.0,47853.0,9,48125.0,4,10,48122.0,1,1,48121.0,1,3,48120.0,3,1,48119.0,1,1,48135.0,1,1,48140.0,1,4,48141.0,3,2,48143.0,2,2,48144.0,2
True,full,58503687,48125.0,1,48057.97,1035,553,0.5684074143731845,2021-04-21 18:24:51,8203,8206,7951,2021-04-21 18:24:56,47933.0,48156.0,47915.0,47853.0,9,48125.0,4,10,48122.0,1,1,48121.0,1,3,48120.0,3,1,48119.0,1,2,48135.0,2,2,48140.0,2,3,48141.0,2,2,48143.0,2,2,48144.0,2
True,full,58503687,48125.0,1,48057.97,1035,554,0.5684074143731845,2021-04-21 18:24:51,8203,8206,7951,2021-04-21 18:24:57,47933.0,48156.0,47915.0,47853.0,10,48125.0,5,10,48122.0,1,1,48121.0,1,3,48120.0,3,1,48119.0,1,1,48135.0,1,2,48140.0,2,3,48141.0,2,2,48143.0,2,2,48144.0,2
True,full,58503687,48125.0,1,48057.97,1035,553,0.5684074143731845,2021-04-21 18:24:51,8203,8206,7951,2021-04-21 18:24:59,47933.0,48156.0,47915.0,47853.0,8,48125.0,3,10,48122.0,1,1,48121.0,1,3,48120.0,3,1,48119.0,1,2,48135.0,2,2,48138.0,2,3,48140.0,3,3,48141.0,2,3,48142.0,3
True,full,58503687,48125.0,1,48057.97,1035,553,0.5684074143731845,2021-04-21 18:24:51,8203,8206,7951,2021-04-21 18:25:00,47933.0,48156.0,47915.0,47853.0,8,48125.0,3,10,48122.0,1,1,48121.0,1,3,48120.0,3,1,48119.0,1,2,48135.0,2,1,48138.0,1,1,48139.0,1,3,48140.0,3,3,48141.0,2
True,full,58503687,48125.0,1,48057.97,1035,555,0.5684074143731845,2021-04-21 18:24:51,8203,8206,7951,2021-04-21 18:25:01,47933.0,48156.0,47915.0,47853.0,10,48125.0,5,10,48122.0,1,1,48121.0,1,3,48120.0,3,1,48119.0,1,1,48135.0,1,1,48139.0,1,2,48140.0,2,4,48141.0,3,1,48142.0,1
True,full,58503687,48125.0,1,48057.97,1035,556,0.5684074143731845,2021-04-21 18:24:51,8203,8206,7951,2021-04-21 18:25:08,47933.0,48156.0,47915.0,47853.0,10,48125.0,5,10,48122.0,1,1,48121.0,1,3,48120.0,3,1,48119.0,1,1,48134.0,1,1,48135.0,1,1,48140.0,1,4,48141.0,3,2,48143.0,2
True,full,58503687,48125.0,1,48057.97,1035,556,0.5684074143731845,2021-04-21 18:24:51,8203,8206,7951,2021-04-21 18:25:10,47933.0,48156.0,47915.0,47853.0,2,48128.0,2,8,48125.0,3,10,48122.0,1,1,48121.0,1,3,48120.0,3,1,48134.0,1,1,48135.0,1,1,48140.0,1,2,48141.0,1,2,48143.0,2
True,full,58503687,48125.0,1,48057.97,1035,556,0.5684074143731845,2021-04-21 18:24:51,8203,8206,7951,2021-04-21 18:25:14,47933.0,48156.0,47915.0,47853.0,2,48128.0,2,8,48125.0,3,10,48122.0,1,1,48121.0,1,3,48120.0,3,1,48134.0,1,1,48135.0,1,1,48140.0,1,2,48141.0,1,1,48142.0,1
True,full,58503687,48125.0,1,48057.97,1035,556,0.5684074143731845,2021-04-21 18:24:51,8203,8206,7951,2021-04-21 18:25:14,47933.0,48156.0,47915.0,47853.0,2,48128.0,2,8,48125.0,3,10,48122.0,1,1,48121.0,1,3,48120.0,3,1,48134.0,1,2,48135.0,2,1,48140.0,1,2,48141.0,1,1,48142.0,1
True,full,58503687,48125.0,1,48057.97,1035,556,0.5684074143731845,2021-04-21 18:24:51,8203,8206,7951,2021-04-21 18:25:15,47933.0,48156.0,47915.0,47853.0,2,48128.0,2,8,48125.0,3,10,48122.0,1,1,48121.0,1,3,48120.0,3,1,48134.0,1,2,48135.0,2,1,48140.0,1,4,48141.0,3,2,48143.0,2
True,full,58503687,48125.0,1,48057.97,1035,558,0.5684074143731845,2021-04-21 18:24:51,8203,8206,7951,2021-04-21 18:25:22,47933.0,48156.0,47915.0,47853.0,3,48128.0,3,8,48125.0,3,10,48122.0,1,1,48121.0,1,3,48120.0,3,1,48134.0,1,2,48135.0,2,1,48140.0,1,3,48141.0,2,2,48143.0,2
True,full,58503687,48125.0,1,48057.97,1035,578,0.5684074143731845,2021-04-21 18:24:51,8203,8206,7951,2021-04-21 18:25:23,47933.0,48156.0,47915.0,47853.0,3,48128.0,3,8,48125.0,3,10,48122.0,1,1,48121.0,1,3,48120.0,3,2,48134.0,2,1,48135.0,1,1,48140.0,1,2,48141.0,1,2,48144.0,2
True,full,58503687,48125.0,1,48057.97,1035,578,0.5684074143731845,2021-04-21 18:24:51,8203,8206,7951,2021-04-21 18:25:29,47933.0,48156.0,47915.0,47853.0,3,48128.0,3,8,48125.0,3,10,48122.0,1,1,48121.0,1,3,48120.0,3,2,48134.0,2,1,48135.0,1,1,48140.0,1,2,48141.0,1,2,48145.0,2
True,full,58503687,48125.0,1,48057.97,1035,557,0.5684074143731845,2021-04-21 18:24:51,8203,8206,7951,2021-04-21 18:25:40,47933.0,48156.0,47915.0,47853.0,2,48128.0,2,8,48125.0,3,10,48122.0,1,1,48121.0,1,3,48120.0,3,2,48134.0,2,1,48139.0,1,1,48140.0,1,2,48141.0,1,1,48142.0,1
True,full,58503687,48134.0,1,48058.11,1037,575,0.5872150126428856,2021-04-21 18:25:51,8205,8206,7951,2021-04-21 18:25:57,47933.0,48156.0,47915.0,47853.0,9,48125.0,4,10,48122.0,1,1,48121.0,1,3,48120.0,3,1,48119.0,1,1,48134.0,1,1,48139.0,1,1,48140.0,1,2,48141.0,1,1,48144.0,1
True,full,58503687,48134.0,1,48058.11,1037,575,0.5872150126428856,2021-04-21 18:25:51,8205,8206,7951,2021-04-21 18:26:01,47933.0,48156.0,47915.0,47853.0,9,48125.0,4,1,48123.0,1,11,48122.0,2,2,48121.0,2,5,48120.0,5,1,48134.0,1,1,48139.0,1,1,48140.0,1,2,48141.0,1,1,48144.0,1
True,full,58503687,48134.0,1,48058.11,1037,569,0.5872150126428856,2021-04-21 18:25:51,8205,8206,7951,2021-04-21 18:26:02,47933.0,48156.0,47915.0,47853.0,3,48125.0,3,10,48122.0,1,1,48121.0,1,3,48120.0,3,2,48119.0,2,1,48134.0,1,1,48139.0,1,1,48140.0,1,2,48141.0,1,1,48144.0,1
True,full,58503687,48134.0,1,48058.18,1038,571,0.5872150126428856,2021-04-21 18:26:08,8206,8206,7951,2021-04-21 18:26:08,47933.0,48156.0,47915.0,47853.0,2,48126.0,2,2,48125.0,2,10,48122.0,1,1,48121.0,1,3,48120.0,3,1,48135.0,1,2,48137.0,2,1,48138.0,1,4,48139.0,4,13,48140.0,13
True,full,58503687,48134.0,1,48058.18,1038,549,0.5872150126428856,2021-04-21 18:26:08,8206,8206,7951,2021-04-21 18:26:10,47933.0,48156.0,47915.0,47853.0,3,48125.0,3,10,48122.0,1,1,48121.0,1,3,48120.0,3,1,48119.0,1,2,48135.0,2,2,48137.0,2,1,48138.0,1,4,48139.0,4,13,48140.0,13
True,full,58503687,48134.0,1,48058.18,1038,549,0.5872150126428856,2021-04-21 18:26:08,8206,8206,7951,2021-04-21 18:26:11,47933.0,48156.0,47915.0,47853.0,3,48125.0,3,10,48122.0,1,1,48121.0,1,3,48120.0,3,1,48119.0,1,1,48135.0,1,2,48137.0,2,1,48138.0,1,4,48139.0,4,13,48140.0,13
True,full,58503687,48134.0,1,48058.18,1038,550,0.5872150126428856,2021-04-21 18:26:08,8206,8206,7951,2021-04-21 18:26:12,47933.0,48156.0,47915.0,47853.0,4,48125.0,4,10,48122.0,1,1,48121.0,1,3,48120.0,3,1,48119.0,1,2,48135.0,2,2,48137.0,2,1,48138.0,1,4,48139.0,4,13,48140.0,13
True,full,58503687,48134.0,1,48058.18,1038,548,0.5872150126428856,2021-04-21 18:26:08,8206,8206,7951,2021-04-21 18:26:13,47933.0,48156.0,47915.0,47853.0,2,48125.0,2,10,48122.0,1,1,48121.0,1,3,48120.0,3,1,48119.0,1,2,48135.0,2,2,48137.0,2,1,48138.0,1,4,48139.0,4,13,48140.0,13
True,full,58503687,48134.0,1,48058.18,1038,548,0.5872150126428856,2021-04-21 18:26:08,8206,8206,7951,2021-04-21 18:26:15,47933.0,48156.0,47915.0,47853.0,2,48125.0,2,10,48122.0,1,1,48121.0,1,3,48120.0,3,1,48119.0,1,2,48135.0,2,2,48137.0,2,1,48138.0,1,4,48139.0,4,13,48140.0,13
True,full,58503687,48134.0,1,48058.18,1038,549,0.5872150126428856,2021-04-21 18:26:08,8206,8206,7951,2021-04-21 18:26:25,47933.0,48156.0,47915.0,47853.0,1,48126.0,1,2,48125.0,2,10,48122.0,1,1,48121.0,1,3,48120.0,3,2,48134.0,2,2,48135.0,2,2,48137.0,2,1,48138.0,1,4,48139.0,4
True,full,58503687,48134.0,1,48058.18,1038,549,0.5872150126428856,2021-04-21 18:26:08,8206,8206,7951,2021-04-21 18:26:26,47933.0,48156.0,47915.0,47853.0,1,48126.0,1,2,48125.0,2,10,48122.0,1,1,48121.0,1,3,48120.0,3,2,48134.0,2,2,48135.0,2,2,48137.0,2,1,48138.0,1,4,48139.0,4
True,full,58503687,48134.0,1,48058.18,1038,551,0.5872150126428856,2021-04-21 18:26:08,8206,8206,7951,2021-04-21 18:26:28,47933.0,48156.0,47915.0,47853.0,3,48126.0,3,2,48125.0,2,10,48122.0,1,1,48121.0,1,3,48120.0,3,1,48134.0,1,1,48135.0,1,2,48137.0,2,1,48138.0,1,4,48139.0,4
True,full,58503687,48134.0,1,48058.18,1038,548,0.5872150126428856,2021-04-21 18:26:08,8206,8206,7951,2021-04-21 18:26:38,47933.0,48156.0,47915.0,47853.0,1,48126.0,1,2,48125.0,2,10,48122.0,1,1,48121.0,1,3,48120.0,3,2,48134.0,2,2,48135.0,2,2,48137.0,2,1,48138.0,1,4,48139.0,4
True,full,58503687,48126.0,1,48058.25,1039,547,0.5704971475142624,2021-04-21 18:26:40,8207,8207,7951,2021-04-21 18:26:40,47933.0,48156.0,47915.0,47853.0,2,48125.0,2,10,48122.0,1,1,48121.0,1,3,48120.0,3,1,48119.0,1,2,48134.0,2,2,48135.0,2,2,48137.0,2,1,48138.0,1,4,48139.0,4
True,full,58503687,48125.0,1,48058.31,1040,551,0.5684074143731845,2021-04-21 18:26:46,8206,8207,7951,2021-04-21 18:26:47,47933.0,48156.0,47915.0,47853.0,6,48125.0,2,10,48122.0,1,1,48121.0,1,3,48120.0,3,1,48119.0,1,2,48134.0,2,1,48135.0,1,2,48137.0,2,1,48138.0,1,5,48139.0,5
True,full,58503687,48125.0,1,48058.31,1040,551,0.5684074143731845,2021-04-21 18:26:46,8206,8207,7951,2021-04-21 18:26:47,47933.0,48156.0,47915.0,47853.0,6,48125.0,2,10,48122.0,1,1,48121.0,1,3,48120.0,3,1,48119.0,1,2,48134.0,2,1,48135.0,1,2,48137.0,2,1,48138.0,1,4,48139.0,4
True,full,58503687,48125.0,1,48058.38,1041,556,0.5684074143731845,2021-04-21 18:26:58,8206,8207,7951,2021-04-21 18:27:03,47933.0,48156.0,47915.0,47853.0,11,48125.0,2,10,48122.0,1,1,48121.0,1,3,48120.0,3,1,48119.0,1,2,48132.0,2,4,48134.0,4,2,48135.0,2,3,48136.0,3,12,48137.0,12
True,full,58503687,48125.0,1,48058.38,1041,557,0.5684074143731845,2021-04-21 18:26:58,8206,8207,7951,2021-04-21 18:27:20,47933.0,48156.0,47915.0,47853.0,11,48125.0,2,10,48122.0,1,1,48121.0,1,3,48120.0,3,1,48119.0,1,2,48129.0,2,3,48131.0,3,2,48132.0,2,3,48133.0,3,15,48134.0,15
True,full,58503687,48125.0,1,48058.38,1041,557,0.5684074143731845,2021-04-21 18:26:58,8206,8207,7951,2021-04-21 18:27:23,47933.0,48156.0,47915.0,47853.0,11,48125.0,2,10,48122.0,1,1,48121.0,1,3,48120.0,3,1,48119.0,1,1,48129.0,1,1,48130.0,1,3,48131.0,3,2,48132.0,2,3,48133.0,3
True,full,58503687,48125.0,1,48058.38,1041,550,0.5684074143731845,2021-04-21 18:26:58,8206,8207,7951,2021-04-21 18:27:29,47933.0,48156.0,47915.0,47853.0,5,48125.0,1,10,48122.0,1,1,48121.0,1,3,48120.0,3,1,48119.0,1,2,48129.0,2,1,48130.0,1,3,48131.0,3,2,48132.0,2,3,48133.0,3
True,full,58503687,48125.0,1,48058.38,1041,550,0.5684074143731845,2021-04-21 18:26:58,8206,8207,7951,2021-04-21 18:27:31,47933.0,48156.0,47915.0,47853.0,5,48125.0,1,10,48122.0,1,1,48121.0,1,3,48120.0,3,1,48119.0,1,1,48129.0,1,1,48130.0,1,3,48131.0,3,2,48132.0,2,3,48133.0,3
True,full,58503687,48125.0,1,48058.38,1041,550,0.5684074143731845,2021-04-21 18:26:58,8206,8207,7951,2021-04-21 18:27:32,47933.0,48156.0,47915.0,47853.0,5,48125.0,1,10,48122.0,1,1,48121.0,1,3,48120.0,3,1,48119.0,1,2,48129.0,2,1,48130.0,1,3,48131.0,3,2,48132.0,2,3,48133.0,3
True,full,58503687,48125.0,1,48058.44,1042,549,0.5684074143731845,2021-04-21 18:27:40,8205,8207,7951,2021-04-21 18:27:40,47933.0,48156.0,47915.0,47853.0,4,48125.0,1,10,48122.0,1,1,48121.0,1,3,48120.0,3,1,48119.0,1,1,48126.0,1,2,48128.0,2,1,48129.0,1,4,48130.0,4,13,48131.0,13
True,full,58503687,48125.0,2,48058.57,1044,547,0.5684074143731845,2021-04-21 18:27:42,8203,8207,7951,2021-04-21 18:27:42,47933.0,48156.0,47915.0,47853.0,2,48125.0,1,10,48122.0,1,1,48121.0,1,3,48120.0,3,1,48119.0,1,1,48126.0,1,2,48128.0,2,1,48129.0,1,4,48130.0,4,13,48131.0,13
True,full,58503687,48125.0,1,48058.63,1045,546,0.5684074143731845,2021-04-21 18:27:53,8202,8207,7951,2021-04-21 18:27:54,47933.0,48156.0,47915.0,47853.0,1,48125.0,1,10,48122.0,1,1,48121.0,1,3,48120.0,3,1,48119.0,1,3,48126.0,3,1,48127.0,1,3,48128.0,3,14,48129.0,13,4,48130.0,4
True,full,58503687,48125.0,1,48058.63,1045,546,0.5684074143731845,2021-04-21 18:27:53,8202,8207,7951,2021-04-21 18:27:55,47933.0,48156.0,47915.0,47853.0,1,48125.0,1,10,48122.0,1,1,48121.0,1,3,48120.0,3,1,48119.0,1,2,48126.0,2,1,48127.0,1,3,48128.0,3,14,48129.0,13,4,48130.0,4
True,full,58503687,48125.0,1,48058.63,1045,546,0.5684074143731845,2021-04-21 18:27:53,8202,8207,7951,2021-04-21 18:27:56,47933.0,48156.0,47915.0,47853.0,1,48125.0,1,10,48122.0,1,1,48121.0,1,3,48120.0,3,1,48119.0,1,2,48126.0,2,1,48127.0,1,4,48128.0,4,14,48129.0,13,4,48130.0,4
True,full,58503687,48125.0,1,48058.69,1046,550,0.5684074143731845,2021-04-21 18:27:56,8201,8207,7951,2021-04-21 18:27:58,47933.0,48156.0,47915.0,47853.0,5,48125.0,1,10,48122.0,1,1,48121.0,1,3,48120.0,3,1,48119.0,1,3,48128.0,3,3,48129.0,2,4,48130.0,4,13,48131.0,13,4,48132.0,4
True,full,58503687,48127.0,1,48058.89,1049,549,0.5725868806553404,2021-04-21 18:28:07,8201,8207,7951,2021-04-21 18:28:08,47933.0,48156.0,47915.0,47853.0,4,48125.0,1,10,48122.0,1,1,48121.0,1,3,48120.0,3,1,48119.0,1,1,48128.0,1,5,48129.0,4,13,48130.0,13,5,48131.0,5,2,48132.0,2
True,full,58503687,48127.0,1,48058.89,1049,549,0.5725868806553404,2021-04-21 18:28:07,8201,8207,7951,2021-04-21 18:28:10,47933.0,48156.0,47915.0,47853.0,4,48125.0,1,10,48122.0,1,1,48121.0,1,3,48120.0,3,1,48119.0,1,3,48129.0,2,4,48130.0,4,13,48131.0,13,5,48132.0,5,1,48133.0,1
True,full,58503687,48129.0,2,48059.02,1051,549,0.5767663469374961,2021-04-21 18:28:15,8203,8207,7951,2021-04-21 18:28:15,47933.0,48156.0,47915.0,47853.0,4,48125.0,1,10,48122.0,1,1,48121.0,1,3,48120.0,3,1,48119.0,1,1,48129.0,1,4,48130.0,4,13,48131.0,13,5,48132.0,5,1,48133.0,1
True,full,58503687,48129.0,2,48059.02,1051,549,0.5767663469374961,2021-04-21 18:28:15,8203,8207,7951,2021-04-21 18:28:16,47933.0,48156.0,47915.0,47853.0,4,48125.0,1,10,48122.0,1,1,48121.0,1,3,48120.0,3,1,48119.0,1,1,48129.0,1,4,48130.0,4,13,48131.0,13,5,48132.0,5,1,48133.0,1
True,full,58503687,48129.0,2,48059.02,1051,549,0.5767663469374961,2021-04-21 18:28:15,8203,8207,7951,2021-04-21 18:28:16,47933.0,48156.0,47915.0,47853.0,4,48125.0,1,10,48122.0,1,1,48121.0,1,3,48120.0,3,1,48119.0,1,1,48129.0,1,4,48130.0,4,13,48131.0,13,6,48132.0,6,3,48134.0,3
True,full,58503687,48129.0,1,48059.09,1052,549,0.5767663469374961,2021-04-21 18:28:21,8203,8207,7951,2021-04-21 18:28:26,47933.0,48156.0,47915.0,47853.0,4,48125.0,1,10,48122.0,1,1,48121.0,1,3,48120.0,3,1,48119.0,1,4,48130.0,4,13,48131.0,13,5,48132.0,5,4,48134.0,4,1,48135.0,1
True,full,58503687,48129.0,1,48059.09,1052,549,0.5767663469374961,2021-04-21 18:28:21,8203,8207,7951,2021-04-21 18:28:29,47933.0,48156.0,47915.0,47853.0,1,48126.0,1,4,48125.0,1,10,48122.0,1,1,48121.0,1,3,48120.0,3,4,48130.0,4,13,48131.0,13,5,48132.0,5,1,48133.0,1,3,48134.0,3
True,full,58503687,48129.0,1,48059.09,1052,549,0.5767663469374961,2021-04-21 18:28:21,8203,8207,7951,2021-04-21 18:28:32,47933.0,48156.0,47915.0,47853.0,1,48126.0,1,4,48125.0,1,10,48122.0,1,1,48121.0,1,3,48120.0,3,4,48130.0,4,13,48131.0,13,5,48132.0,5,4,48134.0,4,1,48135.0,1
True,full,58503687,48129.0,1,48059.09,1052,550,0.5767663469374961,2021-04-21 18:28:21,8203,8207,7951,2021-04-21 18:28:40,47933.0,48156.0,47915.0,47853.0,1,48126.0,1,5,48125.0,2,10,48122.0,1,1,48121.0,1,3,48120.0,3,4,48130.0,4,12,48131.0,12,5,48132.0,5,3,48134.0,3,2,48135.0,2
True,full,58503687,48129.0,1,48059.09,1052,550,0.5767663469374961,2021-04-21 18:28:21,8203,8207,7951,2021-04-21 18:28:46,47933.0,48156.0,47915.0,47853.0,1,48126.0,1,5,48125.0,2,10,48122.0,1,1,48121.0,1,3,48120.0,3,1,48130.0,1,1,48132.0,1,2,48134.0,2,4,48135.0,4,12,48136.0,12
True,full,58503687,48129.0,1,48059.09,1052,549,0.5767663469374961,2021-04-21 18:28:21,8203,8207,7951,2021-04-21 18:28:48,47933.0,48156.0,47915.0,47853.0,1,48126.0,1,5,48125.0,2,10,48122.0,1,1,48121.0,1,3,48120.0,3,1,48130.0,1,1,48132.0,1,2,48134.0,2,4,48135.0,4,12,48136.0,12
True,full,58503687,48129.0,1,48059.09,1052,550,0.5767663469374961,2021-04-21 18:28:21,8203,8207,7951,2021-04-21 18:28:49,47933.0,48156.0,47915.0,47853.0,1,48126.0,1,5,48125.0,2,10,48122.0,1,1,48121.0,1,3,48120.0,3,1,48130.0,1,1,48132.0,1,2,48134.0,2,4,48135.0,4,12,48136.0,12
True,full,58503687,48129.0,1,48059.09,1052,550,0.5767663469374961,2021-04-21 18:28:21,8203,8207,7951,2021-04-21 18:28:52,47933.0,48156.0,47915.0,47853.0,1,48126.0,1,5,48125.0,2,10,48122.0,1,1,48121.0,1,3,48120.0,3,1,48130.0,1,1,48132.0,1,3,48134.0,3,3,48135.0,3,12,48136.0,12
True,full,58503687,48286.0,1,48195.29,2787,615,0.9048544500867239,2021-04-21 20:10:54,8428,8444,7951,2021-04-21 20:10:56,47933.0,48415.0,47915.0,47853.0,2,48288.0,2,1,48287.0,1,1,48283.0,1,1,48278.0,1,3,48277.0,3,3,48308.0,3,2,48309.0,2,2,48310.0,2,2,48311.0,2,2,48312.0,2
True,full,58503687,48286.0,1,48195.29,2787,615,0.9048544500867239,2021-04-21 20:10:54,8428,8444,7951,2021-04-21 20:10:57,47933.0,48415.0,47915.0,47853.0,2,48288.0,2,1,48287.0,1,1,48282.0,1,1,48278.0,1,3,48277.0,3,3,48308.0,3,2,48309.0,2,2,48310.0,2,2,48311.0,2,2,48312.0,2
True,full,58503687,48286.0,1,48195.29,2787,621,0.9048544500867239,2021-04-21 20:10:54,8428,8444,7951,2021-04-21 20:11:01,47933.0,48415.0,47915.0,47853.0,1,48281.0,1,1,48280.0,1,1,48277.0,1,1,48276.0,1,2,48275.0,2,3,48304.0,3,3,48305.0,3,1,48307.0,1,2,48308.0,2,2,48309.0,2
True,full,58503687,48286.0,1,48195.29,2787,622,0.9048544500867239,2021-04-21 20:10:54,8428,8444,7951,2021-04-21 20:11:01,47933.0,48415.0,47915.0,47853.0,2,48282.0,2,1,48281.0,1,1,48280.0,1,2,48277.0,2,2,48275.0,2,3,48303.0,3,3,48304.0,3,3,48305.0,3,1,48307.0,1,2,48308.0,2
True,full,58503687,48286.0,1,48195.29,2787,625,0.9048544500867239,2021-04-21 20:10:54,8428,8444,7951,2021-04-21 20:11:02,47933.0,48415.0,47915.0,47853.0,2,48282.0,2,1,48281.0,1,4,48280.0,2,1,48278.0,1,1,48277.0,1,3,48303.0,3,1,48304.0,1,1,48305.0,1,1,48307.0,1,1,48308.0,1
True,full,58503687,48286.0,1,48195.29,2787,611,0.9048544500867239,2021-04-21 20:10:54,8428,8444,7951,2021-04-21 20:11:08,47933.0,48415.0,47915.0,47853.0,1,48282.0,1,1,48281.0,1,4,48280.0,2,1,48277.0,1,2,48275.0,2,3,48300.0,3,1,48303.0,1,2,48304.0,2,3,48305.0,3,1,48307.0,1
True,full,58503687,48286.0,1,48195.29,2787,611,0.9048544500867239,2021-04-21 20:10:54,8428,8444,7951,2021-04-21 20:11:09,47933.0,48415.0,47915.0,47853.0,1,48282.0,1,1,48281.0,1,4,48280.0,2,1,48277.0,1,1,48276.0,1,3,48300.0,3,3,48303.0,3,2,48304.0,2,1,48305.0,1,2,48307.0,2
True,full,58503687,48286.0,1,48195.29,2787,625,0.9048544500867239,2021-04-21 20:10:54,8428,8444,7951,2021-04-21 20:11:13,47933.0,48415.0,47915.0,47853.0,1,48281.0,1,4,48280.0,2,1,48277.0,1,1,48276.0,1,1,48275.0,1,3,48300.0,3,1,48303.0,1,3,48305.0,3,2,48306.0,2,1,48307.0,1
True,full,58503687,48286.0,1,48195.29,2787,625,0.9048544500867239,2021-04-21 20:10:54,8428,8444,7951,2021-04-21 20:11:15,47933.0,48415.0,47915.0,47853.0,1,48281.0,1,4,48280.0,2,1,48277.0,1,1,48276.0,1,1,48275.0,1,3,48300.0,3,1,48303.0,1,3,48305.0,3,2,48306.0,2,1,48307.0,1
True,full,58503687,48286.0,1,48195.29,2787,625,0.9048544500867239,2021-04-21 20:10:54,8428,8444,7951,2021-04-21 20:11:16,47933.0,48415.0,47915.0,47853.0,1,48281.0,1,4,48280.0,2,2,48277.0,2,1,48275.0,1,1,48273.0,1,3,48300.0,3,1,48303.0,1,3,48305.0,3,2,48306.0,2,1,48307.0,1
True,full,58503687,48286.0,1,48195.29,2787,625,0.9048544500867239,2021-04-21 20:10:54,8428,8444,7951,2021-04-21 20:11:21,47933.0,48415.0,47915.0,47853.0,2,48281.0,2,4,48280.0,2,1,48279.0,1,2,48277.0,2,2,48276.0,2,2,48300.0,2,1,48303.0,1,1,48305.0,1,1,48307.0,1,1,48308.0,1
True,full,58503687,48286.0,1,48195.29,2787,625,0.9048544500867239,2021-04-21 20:10:54,8428,8444,7951,2021-04-21 20:11:28,47933.0,48415.0,47915.0,47853.0,3,48283.0,3,1,48281.0,1,5,48280.0,3,2,48279.0,2,2,48278.0,2,2,48300.0,2,1,48303.0,1,1,48305.0,1,2,48306.0,2,3,48307.0,3
True,full,58503687,48286.0,1,48195.29,2787,627,0.9048544500867239,2021-04-21 20:10:54,8428,8444,7951,2021-04-21 20:11:35,47933.0,48415.0,47915.0,47853.0,2,48289.0,2,2,48288.0,2,2,48287.0,2,2,48286.0,2,1,48285.0,1,1,48300.0,1,1,48303.0,1,1,48305.0,1,1,48307.0,1,1,48308.0,1
True,full,58503687,48286.0,1,48195.29,2787,627,0.9048544500867239,2021-04-21 20:10:54,8428,8444,7951,2021-04-21 20:11:38,47933.0,48415.0,47915.0,47853.0,2,48289.0,2,2,48288.0,2,2,48287.0,2,3,48286.0,3,1,48284.0,1,1,48300.0,1,1,48303.0,1,1,48305.0,1,1,48307.0,1,1,48308.0,1
True,full,58503687,48300.0,1,48195.33,2788,628,0.9341107140618143,2021-04-21 20:11:42,8429,8444,7951,2021-04-21 20:11:44,47933.0,48415.0,47915.0,47853.0,3,48294.0,3,4,48293.0,4,2,48292.0,2,1,48290.0,1,2,48289.0,2,1,48310.0,1,1,48315.0,1,1,48316.0,1,1,48317.0,1,1,48318.0,1
True,full,58503687,48300.0,1,48195.33,2788,633,0.9341107140618143,2021-04-21 20:11:42,8429,8444,7951,2021-04-21 20:11:50,47933.0,48415.0,47915.0,47853.0,2,48294.0,2,1,48293.0,1,2,48290.0,2,3,48289.0,3,2,48288.0,2,2,48308.0,2,1,48310.0,1,1,48315.0,1,1,48316.0,1,1,48317.0,1
True,full,58503687,48300.0,1,48195.33,2788,636,0.9341107140618143,2021-04-21 20:11:42,8429,8444,7951,2021-04-21 20:11:57,47933.0,48415.0,47915.0,47853.0,3,48297.0,3,1,48296.0,1,2,48295.0,2,3,48294.0,3,3,48293.0,3,1,48308.0,1,1,48310.0,1,1,48315.0,1,1,48316.0,1,1,48317.0,1
True,full,58503687,48300.0,1,48195.33,2788,636,0.9341107140618143,2021-04-21 20:11:42,8429,8444,7951,2021-04-21 20:11:58,47933.0,48415.0,47915.0,47853.0,2,48297.0,2,2,48296.0,2,4,48295.0,4,3,48294.0,3,1,48293.0,1,1,48308.0,1,1,48310.0,1,1,48315.0,1,1,48316.0,1,1,48317.0,1
True,full,58503687,48300.0,1,48195.33,2788,634,0.9341107140618143,2021-04-21 20:11:42,8429,8444,7951,2021-04-21 20:12:06,47933.0,48415.0,47915.0,47853.0,3,48295.0,3,1,48294.0,1,4,48293.0,4,1,48292.0,1,2,48291.0,2,1,48308.0,1,1,48310.0,1,1,48315.0,1,1,48316.0,1,1,48317.0,1
True,full,58503687,48300.0,1,48195.33,2788,636,0.9341107140618143,2021-04-21 20:11:42,8429,8444,7951,2021-04-21 20:12:09,47933.0,48415.0,47915.0,47853.0,2,48297.0,2,1,48296.0,1,2,48295.0,2,1,48294.0,1,3,48293.0,3,1,48308.0,1,1,48310.0,1,1,48315.0,1,1,48316.0,1,1,48317.0,1
True,full,58503687,48308.0,1,48195.37,2789,637,0.9508285791904374,2021-04-21 20:12:12,8429,8444,7951,2021-04-21 20:12:15,47933.0,48415.0,47915.0,47853.0,2,48299.0,2,2,48298.0,2,3,48297.0,3,3,48296.0,3,1,48295.0,1,1,48310.0,1,1,48315.0,1,1,48316.0,1,1,48317.0,1,1,48318.0,1
True,full,58503687,48308.0,1,48195.37,2789,635,0.9508285791904374,2021-04-21 20:12:12,8429,8444,7951,2021-04-21 20:12:28,47933.0,48415.0,47915.0,47853.0,3,48300.0,1,1,48297.0,1,1,48295.0,1,1,48293.0,1,2,48291.0,2,1,48308.0,1,1,48310.0,1,1,48315.0,1,1,48316.0,1,1,48317.0,1
True,full,58503687,48308.0,1,48195.37,2789,635,0.9508285791904374,2021-04-21 20:12:12,8429,8444,7951,2021-04-21 20:12:29,47933.0,48415.0,47915.0,47853.0,3,48300.0,1,1,48297.0,1,1,48295.0,1,1,48293.0,1,2,48291.0,2,3,48308.0,3,1,48310.0,1,1,48315.0,1,1,48316.0,1,1,48317.0,1
True,full,58503687,48308.0,1,48195.45,2791,635,0.9508285791904374,2021-04-21 20:12:29,8427,8444,7951,2021-04-21 20:12:30,47933.0,48415.0,47915.0,47853.0,3,48300.0,1,1,48297.0,1,1,48295.0,1,1,48293.0,1,1,48291.0,1,1,48310.0,1,1,48315.0,1,1,48316.0,1,1,48317.0,1,1,48318.0,1
True,full,58503687,48300.0,1,48195.49,2792,619,0.9341107140618143,2021-04-21 20:12:36,8428,8444,7951,2021-04-21 20:12:36,47933.0,48415.0,47915.0,47853.0,2,48300.0,1,1,48297.0,1,1,48295.0,1,1,48293.0,1,1,48291.0,1,5,48310.0,5,2,48311.0,2,1,48314.0,1,2,48315.0,2,1,48316.0,1
True,full,58503687,48300.0,1,48195.56,2794,633,0.9341107140618143,2021-04-21 20:12:38,8430,8444,7951,2021-04-21 20:12:47,47933.0,48415.0,47915.0,47853.0,2,48297.0,2,1,48295.0,1,3,48294.0,3,3,48293.0,3,2,48291.0,2,1,48310.0,1,1,48315.0,1,1,48316.0,1,1,48317.0,1,1,48318.0,1
True,full,58503687,48300.0,1,48195.56,2794,633,0.9341107140618143,2021-04-21 20:12:38,8430,8444,7951,2021-04-21 20:12:47,47933.0,48415.0,47915.0,47853.0,2,48297.0,2,2,48295.0,2,2,48294.0,2,3,48293.0,3,2,48291.0,2,1,48310.0,1,1,48315.0,1,1,48316.0,1,1,48317.0,1,1,48318.0,1
True,full,58503687,48300.0,1,48195.56,2794,631,0.9341107140618143,2021-04-21 20:12:38,8430,8444,7951,2021-04-21 20:12:59,47933.0,48415.0,47915.0,47853.0,1,48295.0,1,1,48293.0,1,1,48291.0,1,2,48290.0,2,3,48289.0,3,1,48308.0,1,2,48310.0,2,1,48315.0,1,1,48316.0,1,1,48317.0,1
True,full,58503687,48300.0,1,48195.56,2794,632,0.9341107140618143,2021-04-21 20:12:38,8430,8444,7951,2021-04-21 20:13:01,47933.0,48415.0,47915.0,47853.0,2,48295.0,2,1,48293.0,1,1,48291.0,1,1,48290.0,1,3,48289.0,3,1,48308.0,1,2,48310.0,2,1,48315.0,1,1,48316.0,1,1,48317.0,1
True,full,58503687,48300.0,1,48195.56,2794,632,0.9341107140618143,2021-04-21 20:12:38,8430,8444,7951,2021-04-21 20:13:02,47933.0,48415.0,47915.0,47853.0,2,48295.0,2,1,48293.0,1,1,48291.0,1,1,48290.0,1,4,48289.0,4,1,48308.0,1,2,48310.0,2,1,48315.0,1,1,48316.0,1,1,48317.0,1
True,full,58503687,48300.0,1,48195.56,2794,632,0.9341107140618143,2021-04-21 20:12:38,8430,8444,7951,2021-04-21 20:13:04,47933.0,48415.0,47915.0,47853.0,2,48295.0,2,1,48293.0,1,1,48291.0,1,1,48290.0,1,4,48289.0,4,1,48308.0,1,2,48310.0,2,1,48315.0,1,1,48316.0,1,1,48317.0,1
True,full,58503687,48300.0,1,48195.56,2794,633,0.9341107140618143,2021-04-21 20:12:38,8430,8444,7951,2021-04-21 20:13:07,47933.0,48415.0,47915.0,47853.0,2,48295.0,2,1,48293.0,1,1,48291.0,1,1,48290.0,1,4,48289.0,4,1,48308.0,1,2,48310.0,2,1,48315.0,1,1,48316.0,1,1,48317.0,1
True,full,58503687,48300.0,1,48195.56,2794,634,0.9341107140618143,2021-04-21 20:12:38,8430,8444,7951,2021-04-21 20:13:09,47933.0,48415.0,47915.0,47853.0,2,48295.0,2,1,48293.0,1,1,48291.0,1,1,48290.0,1,4,48289.0,4,1,48308.0,1,2,48310.0,2,1,48315.0,1,1,48316.0,1,1,48317.0,1
True,full,58503687,48295.0,2,48195.7,2798,638,0.9236620483564248,2021-04-21 20:13:10,8434,8444,7951,2021-04-21 20:13:14,47933.0,48415.0,47915.0,47853.0,3,48296.0,3,3,48294.0,3,3,48293.0,3,3,48292.0,3,1,48291.0,1,1,48308.0,1,2,48310.0,2,1,48315.0,1,1,48316.0,1,1,48317.0,1
True,full,58503687,48295.0,2,48195.7,2798,638,0.9236620483564248,2021-04-21 20:13:10,8434,8444,7951,2021-04-21 20:13:15,47933.0,48415.0,47915.0,47853.0,3,48296.0,3,3,48294.0,3,3,48293.0,3,3,48292.0,3,1,48291.0,1,1,48308.0,1,2,48310.0,2,1,48315.0,1,1,48316.0,1,1,48317.0,1
True,full,58503687,48294.0,1,48195.85,2802,635,0.921572315215347,2021-04-21 20:13:15,8438,8444,7951,2021-04-21 20:13:16,47933.0,48415.0,47915.0,47853.0,3,48294.0,3,3,48293.0,3,2,48292.0,2,1,48291.0,1,1,48290.0,1,1,48308.0,1,2,48310.0,2,1,48315.0,1,1,48316.0,1,1,48317.0,1
True,full,58503687,48294.0,1,48195.85,2802,640,0.921572315215347,2021-04-21 20:13:15,8438,8444,7951,2021-04-21 20:13:20,47933.0,48415.0,47915.0,47853.0,3,48294.0,3,4,48293.0,4,2,48292.0,2,1,48291.0,1,1,48290.0,1,1,48308.0,1,2,48310.0,2,1,48315.0,1,1,48316.0,1,1,48317.0,1
True,full,58503687,48294.0,1,48195.85,2802,640,0.921572315215347,2021-04-21 20:13:15,8438,8444,7951,2021-04-21 20:13:21,47933.0,48415.0,47915.0,47853.0,3,48294.0,3,4,48293.0,4,2,48292.0,2,1,48291.0,1,2,48290.0,2,3,48308.0,3,2,48310.0,2,1,48315.0,1,1,48316.0,1,1,48317.0,1
True,full,58503687,48294.0,1,48195.85,2802,640,0.921572315215347,2021-04-21 20:13:15,8438,8444,7951,2021-04-21 20:13:21,47933.0,48415.0,47915.0,47853.0,3,48294.0,3,4,48293.0,4,2,48292.0,2,1,48291.0,1,1,48290.0,1,3,48308.0,3,2,48310.0,2,1,48315.0,1,1,48316.0,1,1,48317.0,1
True,full,58503687,48294.0,1,48195.85,2802,640,0.921572315215347,2021-04-21 20:13:15,8438,8444,7951,2021-04-21 20:13:22,47933.0,48415.0,47915.0,47853.0,3,48294.0,3,4,48293.0,4,2,48292.0,2,1,48291.0,1,1,48290.0,1,2,48308.0,2,2,48310.0,2,1,48315.0,1,1,48316.0,1,1,48317.0,1
True,full,58503687,48294.0,1,48195.85,2802,640,0.921572315215347,2021-04-21 20:13:15,8438,8444,7951,2021-04-21 20:13:24,47933.0,48415.0,47915.0,47853.0,2,48295.0,2,4,48294.0,4,3,48293.0,3,2,48291.0,2,2,48290.0,2,1,48308.0,1,2,48310.0,2,1,48315.0,1,1,48316.0,1,1,48317.0,1
True,full,58503687,48294.0,1,48195.85,2802,642,0.921572315215347,2021-04-21 20:13:15,8438,8444,7951,2021-04-21 20:13:34,47933.0,48415.0,47915.0,47853.0,1,48297.0,1,3,48295.0,3,4,48294.0,4,3,48293.0,3,2,48291.0,2,1,48308.0,1,2,48310.0,2,1,48315.0,1,1,48316.0,1,1,48317.0,1
True,full,58503687,48294.0,1,48195.85,2802,639,0.921572315215347,2021-04-21 20:13:15,8438,8444,7951,2021-04-21 20:13:41,47933.0,48415.0,47915.0,47853.0,4,48291.0,4,3,48290.0,3,3,48289.0,3,1,48287.0,1,2,48286.0,2,1,48297.0,1,1,48308.0,1,2,48310.0,2,1,48315.0,1,1,48316.0,1
True,full,58503687,48310.0,1,48195.96,2805,640,0.9550080454725931,2021-04-21 20:13:41,8439,8444,7951,2021-04-21 20:13:41,47933.0,48415.0,47915.0,47853.0,1,48292.0,1,4,48291.0,4,3,48290.0,3,3,48289.0,3,1,48287.0,1,2,48310.0,2,1,48315.0,1,1,48316.0,1,1,48317.0,1,1,48318.0,1
True,full,58503687,48310.0,1,48195.96,2805,640,0.9550080454725931,2021-04-21 20:13:41,8439,8444,7951,2021-04-21 20:13:46,47933.0,48415.0,47915.0,47853.0,1,48292.0,1,2,48291.0,2,1,48289.0,1,2,48288.0,2,3,48287.0,3,1,48303.0,1,1,48310.0,1,1,48315.0,1,1,48316.0,1,1,48317.0,1
True,full,58503687,48310.0,1,48195.96,2805,639,0.9550080454725931,2021-04-21 20:13:41,8439,8444,7951,2021-04-21 20:13:48,47933.0,48415.0,47915.0,47853.0,1,48292.0,1,2,48291.0,2,1,48289.0,1,2,48286.0,2,4,48285.0,4,2,48303.0,2,1,48310.0,1,1,48315.0,1,1,48316.0,1,1,48317.0,1
True,full,58503687,48310.0,1,48195.96,2805,639,0.9550080454725931,2021-04-21 20:13:41,8439,8444,7951,2021-04-21 20:13:53,47933.0,48415.0,47915.0,47853.0,1,48292.0,1,2,48291.0,2,2,48290.0,2,4,48289.0,4,2,48288.0,2,1,48303.0,1,1,48310.0,1,1,48315.0,1,1,48316.0,1,1,48317.0,1
True,full,58503687,48310.0,1,48195.96,2805,639,0.9550080454725931,2021-04-21 20:13:41,8439,8444,7951,2021-04-21 20:13:59,47933.0,48415.0,47915.0,47853.0,1,48292.0,1,2,48291.0,2,2,48290.0,2,4,48289.0,4,2,48288.0,2,1,48303.0,1,1,48310.0,1,1,48315.0,1,1,48316.0,1,1,48317.0,1
True,full,58503687,48310.0,1,48195.96,2805,641,0.9550080454725931,2021-04-21 20:13:41,8439,8444,7951,2021-04-21 20:14:06,47933.0,48415.0,47915.0,47853.0,1,48300.0,1,1,48293.0,1,4,48292.0,4,4,48291.0,4,2,48290.0,2,1,48303.0,1,1,48310.0,1,1,48315.0,1,1,48316.0,1,1,48317.0,1
True,full,58503687,48300.0,1,48196.0,2806,640,0.9341107140618143,2021-04-21 20:14:09,8439,8444,7951,2021-04-21 20:14:09,47933.0,48415.0,47915.0,47853.0,2,48295.0,2,2,48294.0,2,4,48293.0,4,1,48292.0,1,3,48291.0,3,1,48303.0,1,1,48310.0,1,1,48315.0,1,1,48316.0,1,1,48317.0,1
True,full,58503687,48300.0,1,48196.0,2806,641,0.9341107140618143,2021-04-21 20:14:09,8439,8444,7951,2021-04-21 20:14:09,47933.0,48415.0,47915.0,47853.0,3,48295.0,3,3,48294.0,3,3,48293.0,3,1,48292.0,1,3,48291.0,3,1,48303.0,1,1,48310.0,1,1,48315.0,1,1,48316.0,1,1,48317.0,1
True,full,58503687,48300.0,1,48196.0,2806,642,0.9341107140618143,2021-04-21 20:14:09,8439,8444,7951,2021-04-21 20:14:20,47933.0,48415.0,47915.0,47853.0,1,48295.0,1,1,48293.0,1,3,48292.0,3,5,48291.0,5,2,48290.0,2,1,48303.0,1,2,48310.0,2,1,48315.0,1,1,48316.0,1,1,48317.0,1
True,full,58503687,48300.0,1,48196.0,2806,644,0.9341107140618143,2021-04-21 20:14:09,8439,8444,7951,2021-04-21 20:14:24,47933.0,48415.0,47915.0,47853.0,2,48295.0,2,3,48293.0,3,4,48292.0,4,4,48291.0,4,3,48289.0,3,1,48303.0,1,2,48310.0,2,1,48315.0,1,1,48316.0,1,1,48317.0,1
True,full,58503687,48300.0,1,48196.0,2806,640,0.9341107140618143,2021-04-21 20:14:09,8439,8444,7951,2021-04-21 20:14:33,47933.0,48415.0,47915.0,47853.0,2,48291.0,2,1,48289.0,1,3,48285.0,3,3,48284.0,3,8,48283.0,4,2,48303.0,2,1,48306.0,1,1,48310.0,1,2,48315.0,2,2,48316.0,2
True,full,58503687,48300.0,1,48196.0,2806,626,0.9341107140618143,2021-04-21 20:14:09,8439,8444,7951,2021-04-21 20:14:38,47933.0,48415.0,47915.0,47853.0,1,48292.0,1,1,48291.0,1,1,48289.0,1,1,48285.0,1,6,48283.0,2,4,48303.0,4,1,48310.0,1,2,48313.0,2,2,48314.0,2,2,48315.0,2
True,full,58503687,48283.0,1,48196.2,2812,638,0.8985852506634903,2021-04-21 20:14:45,8439,8444,7951,2021-04-21 20:14:46,47933.0,48415.0,47915.0,47853.0,1,48283.0,1,1,48281.0,1,5,48280.0,2,2,48279.0,2,2,48278.0,2,1,48301.0,1,2,48302.0,2,2,48303.0,2,1,48308.0,1,1,48310.0,1
True,full,58503687,48283.0,1,48196.2,2812,636,0.8985852506634903,2021-04-21 20:14:45,8439,8444,7951,2021-04-21 20:15:02,47933.0,48415.0,47915.0,47853.0,1,48281.0,1,5,48280.0,2,1,48277.0,1,4,48275.0,4,3,48274.0,3,1,48297.0,1,1,48298.0,1,1,48299.0,1,1,48300.0,1,1,48301.0,1
True,full,58503687,48283.0,1,48196.2,2812,638,0.8985852506634903,2021-04-21 20:14:45,8439,8444,7951,2021-04-21 20:15:07,47933.0,48415.0,47915.0,47853.0,2,48281.0,2,6,48280.0,3,3,48277.0,3,3,48276.0,3,4,48275.0,4,2,48300.0,2,1,48301.0,1,1,48302.0,1,2,48303.0,2,1,48305.0,1
True,full,58503687,48283.0,1,48196.2,2812,638,0.8985852506634903,2021-04-21 20:14:45,8439,8444,7951,2021-04-21 20:15:12,47933.0,48415.0,47915.0,47853.0,1,48281.0,1,6,48280.0,3,1,48277.0,1,2,48275.0,2,2,48274.0,2,2,48297.0,2,2,48298.0,2,1,48300.0,1,1,48301.0,1,1,48302.0,1
True,full,58503687,48283.0,1,48196.2,2812,639,0.8985852506634903,2021-04-21 20:14:45,8439,8444,7951,2021-04-21 20:15:13,47933.0,48415.0,47915.0,47853.0,1,48281.0,1,6,48280.0,3,1,48277.0,1,2,48275.0,2,2,48274.0,2,2,48297.0,2,2,48298.0,2,1,48300.0,1,1,48301.0,1,1,48302.0,1
True,full,58503687,48283.0,1,48196.2,2812,639,0.8985852506634903,2021-04-21 20:14:45,8439,8444,7951,2021-04-21 20:15:17,47933.0,48415.0,47915.0,47853.0,1,48281.0,1,5,48280.0,2,1,48277.0,1,2,48275.0,2,2,48274.0,2,1,48293.0,1,1,48296.0,1,1,48297.0,1,1,48300.0,1,1,48301.0,1
True,full,58503687,48283.0,1,48196.2,2812,639,0.8985852506634903,2021-04-21 20:14:45,8439,8444,7951,2021-04-21 20:15:22,47933.0,48415.0,47915.0,47853.0,1,48281.0,1,5,48280.0,2,1,48277.0,1,2,48275.0,2,2,48274.0,2,2,48295.0,2,1,48296.0,1,1,48297.0,1,1,48300.0,1,1,48301.0,1
True,full,58503687,48281.0,1,48196.23,2813,639,0.8944057843813346,2021-04-21 20:15:24,8440,8444,7951,2021-04-21 20:15:26,47933.0,48415.0,47915.0,47853.0,6,48280.0,3,3,48277.0,3,3,48276.0,3,4,48275.0,4,2,48273.0,2,1,48300.0,1,1,48301.0,1,1,48302.0,1,2,48303.0,2,3,48310.0,3
True,full,58503687,48281.0,1,48196.23,2813,641,0.8944057843813346,2021-04-21 20:15:24,8440,8444,7951,2021-04-21 20:15:29,47933.0,48415.0,47915.0,47853.0,4,48281.0,4,9,48280.0,6,2,48279.0,2,2,48277.0,2,1,48276.0,1,1,48300.0,1,1,48302.0,1,2,48303.0,2,3,48310.0,3,2,48311.0,2
True,full,58503687,48281.0,1,48196.23,2813,641,0.8944057843813346,2021-04-21 20:15:24,8440,8444,7951,2021-04-21 20:15:32,47933.0,48415.0,47915.0,47853.0,2,48281.0,2,6,48280.0,3,3,48277.0,3,3,48276.0,3,4,48275.0,4,1,48300.0,1,1,48302.0,1,2,48303.0,2,3,48310.0,3,2,48311.0,2
True,full,58503687,48281.0,1,48196.23,2813,642,0.8944057843813346,2021-04-21 20:15:24,8440,8444,7951,2021-04-21 20:15:35,47933.0,48415.0,47915.0,47853.0,2,48281.0,2,6,48280.0,3,2,48279.0,2,3,48278.0,3,3,48277.0,3,1,48300.0,1,1,48302.0,1,2,48303.0,2,3,48310.0,3,2,48311.0,2
True,full,58503687,48281.0,1,48196.23,2813,645,0.8944057843813346,2021-04-21 20:15:24,8440,8444,7951,2021-04-21 20:15:35,47933.0,48415.0,47915.0,47853.0,4,48281.0,3,6,48280.0,3,2,48279.0,2,3,48278.0,3,3,48277.0,3,1,48300.0,1,1,48302.0,1,2,48303.0,2,3,48310.0,3,2,48311.0,2
True,full,58503687,48300.0,1,48196.27,2814,646,0.9341107140618143,2021-04-21 20:15:37,8440,8444,7951,2021-04-21 20:15:43,47933.0,48415.0,47915.0,47853.0,4,48283.0,4,4,48282.0,4,5,48281.0,4,5,48280.0,2,1,48279.0,1,2,48303.0,2,4,48310.0,4,2,48311.0,2,1,48313.0,1,2,48314.0,2
True,full,58503687,48300.0,1,48196.27,2814,646,0.9341107140618143,2021-04-21 20:15:37,8440,8444,7951,2021-04-21 20:15:45,47933.0,48415.0,47915.0,47853.0,2,48283.0,2,3,48282.0,3,6,48281.0,5,7,48280.0,4,1,48278.0,1,2,48303.0,2,4,48310.0,4,2,48311.0,2,1,48313.0,1,2,48314.0,2
True,full,58503687,48300.0,1,48196.27,2814,646,0.9341107140618143,2021-04-21 20:15:37,8440,8444,7951,2021-04-21 20:15:48,47933.0,48415.0,47915.0,47853.0,2,48283.0,2,3,48282.0,3,6,48281.0,5,7,48280.0,4,1,48278.0,1,1,48300.0,1,2,48303.0,2,4,48310.0,4,2,48311.0,2,1,48313.0,1
True,full,58503687,48300.0,1,48196.3,2815,648,0.9341107140618143,2021-04-21 20:16:00,8441,8444,7951,2021-04-21 20:16:00,47933.0,48415.0,47915.0,47853.0,3,48285.0,3,3,48283.0,3,4,48282.0,4,5,48281.0,4,5,48280.0,2,1,48300.0,1,2,48303.0,2,4,48310.0,4,2,48311.0,2,1,48313.0,1
True,full,58503687,48300.0,1,48196.3,2815,649,0.9341107140618143,2021-04-21 20:16:00,8441,8444,7951,2021-04-21 20:16:04,47933.0,48415.0,47915.0,47853.0,3,48285.0,3,3,48283.0,3,4,48282.0,4,5,48281.0,4,5,48280.0,2,1,48300.0,1,2,48303.0,2,4,48310.0,4,2,48311.0,2,1,48313.0,1
True,full,58503687,48300.0,1,48196.3,2815,649,0.9341107140618143,2021-04-21 20:16:00,8441,8444,7951,2021-04-21 20:16:05,47933.0,48415.0,47915.0,47853.0,3,48285.0,3,3,48283.0,3,4,48282.0,4,5,48281.0,4,5,48280.0,2,2,48300.0,2,2,48303.0,2,4,48310.0,4,2,48311.0,2,1,48313.0,1
True,full,58503687,48300.0,1,48196.3,2815,648,0.9341107140618143,2021-04-21 20:16:00,8441,8444,7951,2021-04-21 20:16:11,47933.0,48415.0,47915.0,47853.0,2,48285.0,2,1,48283.0,1,1,48282.0,1,3,48281.0,2,7,48280.0,4,1,48300.0,1,2,48303.0,2,4,48310.0,4,2,48311.0,2,1,48313.0,1
True,full,58503687,48300.0,1,48196.3,2815,648,0.9341107140618143,2021-04-21 20:16:00,8441,8444,7951,2021-04-21 20:16:26,47933.0,48415.0,47915.0,47853.0,2,48285.0,2,3,48283.0,3,4,48282.0,4,5,48281.0,4,5,48280.0,2,2,48300.0,2,2,48303.0,2,4,48310.0,4,2,48311.0,2,1,48313.0,1
True,full,58503687,48300.0,1,48196.3,2815,648,0.9341107140618143,2021-04-21 20:16:00,8441,8444,7951,2021-04-21 20:16:27,47933.0,48415.0,47915.0,47853.0,2,48285.0,2,3,48283.0,3,4,48282.0,4,5,48281.0,4,5,48280.0,2,2,48300.0,2,2,48303.0,2,4,48310.0,4,2,48311.0,2,1,48313.0,1
True,full,58503687,48303.0,1,48196.38,2817,648,0.940379913485048,2021-04-21 20:16:37,8442,8444,7951,2021-04-21 20:16:40,47933.0,48415.0,47915.0,47853.0,3,48285.0,3,3,48283.0,3,4,48282.0,4,5,48281.0,4,5,48280.0,2,1,48303.0,1,4,48310.0,4,2,48311.0,2,2,48313.0,2,1,48314.0,1
True,full,58503687,48303.0,1,48196.38,2817,648,0.940379913485048,2021-04-21 20:16:37,8442,8444,7951,2021-04-21 20:16:42,47933.0,48415.0,47915.0,47853.0,3,48285.0,3,3,48283.0,3,4,48282.0,4,5,48281.0,4,5,48280.0,2,1,48303.0,1,4,48310.0,4,2,48311.0,2,1,48313.0,1,2,48314.0,2
True,full,58503687,48303.0,1,48196.38,2817,648,0.940379913485048,2021-04-21 20:16:37,8442,8444,7951,2021-04-21 20:16:42,47933.0,48415.0,47915.0,47853.0,3,48285.0,3,3,48283.0,3,4,48282.0,4,5,48281.0,4,5,48280.0,2,1,48303.0,1,4,48310.0,4,2,48311.0,2,1,48313.0,1,2,48314.0,2
True,full,58503687,48290.0,1,48196.41,2818,628,0.9132133826510355,2021-04-21 20:16:59,8442,8444,7951,2021-04-21 20:17:01,47933.0,48415.0,47915.0,47853.0,2,48281.0,1,4,48280.0,1,1,48277.0,1,2,48275.0,2,2,48272.0,2,1,48294.0,1,1,48295.0,1,4,48298.0,4,2,48299.0,2,1,48301.0,1
True,full,58503687,48290.0,1,48196.41,2818,628,0.9132133826510355,2021-04-21 20:16:59,8442,8444,7951,2021-04-21 20:17:02,47933.0,48415.0,47915.0,47853.0,2,48281.0,1,4,48280.0,1,1,48277.0,1,2,48275.0,2,1,48272.0,1,3,48285.0,3,3,48286.0,3,1,48287.0,1,2,48288.0,2,1,48290.0,1
True,full,58503687,48280.0,4,48196.59,2824,621,0.8923160512402566,2021-04-21 20:17:02,8442,8444,7951,2021-04-21 20:17:03,47933.0,48415.0,47915.0,47853.0,2,48275.0,2,1,48272.0,1,3,48271.0,3,1,48270.0,1,1,48268.0,1,5,48280.0,5,3,48281.0,3,1,48283.0,1,2,48284.0,2,1,48285.0,1
True,full,58503687,48265.0,1,48197.06,2842,603,0.8609700541240883,2021-04-21 20:17:10,8436,8444,7951,2021-04-21 20:17:15,47933.0,48415.0,47915.0,47853.0,4,48260.0,3,1,48253.0,1,2,48251.0,2,17,48250.0,12,5,48249.0,1,2,48267.0,2,4,48268.0,4,2,48270.0,2,2,48271.0,2,1,48272.0,1
True,full,58503687,48265.0,1,48197.06,2842,603,0.8609700541240883,2021-04-21 20:17:10,8436,8444,7951,2021-04-21 20:17:17,47933.0,48415.0,47915.0,47853.0,4,48260.0,3,1,48253.0,1,2,48251.0,2,17,48250.0,12,5,48249.0,1,4,48266.0,4,2,48267.0,2,2,48268.0,2,1,48269.0,1,1,48270.0,1
True,full,58503687,48253.0,1,48197.17,2847,599,0.8358932564311538,2021-04-21 20:17:18,8434,8444,7951,2021-04-21 20:17:19,47933.0,48415.0,47915.0,47853.0,3,48251.0,3,17,48250.0,12,5,48249.0,1,3,48241.0,3,2,48240.0,2,2,48265.0,2,4,48266.0,4,1,48267.0,1,2,48268.0,2,1,48269.0,1
True,full,58503687,48253.0,1,48197.17,2847,599,0.8358932564311538,2021-04-21 20:17:18,8434,8444,7951,2021-04-21 20:17:20,47933.0,48415.0,47915.0,47853.0,3,48251.0,3,17,48250.0,12,3,48241.0,3,2,48240.0,2,3,48239.0,3,2,48265.0,2,4,48266.0,4,1,48267.0,1,2,48268.0,2,1,48269.0,1
True,full,58503687,48251.0,1,48197.18,2848,599,0.8317137901489979,2021-04-21 20:17:21,8434,8444,7951,2021-04-21 20:17:21,47933.0,48415.0,47915.0,47853.0,2,48251.0,2,17,48250.0,12,3,48241.0,3,2,48240.0,2,3,48239.0,3,2,48265.0,2,4,48266.0,4,1,48267.0,1,2,48268.0,2,1,48269.0,1
True,full,58503687,48264.0,1,48197.23,2850,598,0.8588803209830105,2021-04-21 20:17:22,8435,8444,7951,2021-04-21 20:17:24,47933.0,48415.0,47915.0,47853.0,1,48251.0,1,17,48250.0,12,3,48236.0,3,3,48235.0,3,3,48234.0,3,4,48262.0,4,1,48265.0,1,2,48266.0,2,2,48267.0,2,2,48268.0,2
True,full,58503687,48264.0,1,48197.23,2850,598,0.8588803209830105,2021-04-21 20:17:22,8435,8444,7951,2021-04-21 20:17:24,47933.0,48415.0,47915.0,47853.0,1,48251.0,1,17,48250.0,12,3,48236.0,3,2,48235.0,2,3,48234.0,3,4,48262.0,4,1,48264.0,1,2,48265.0,2,2,48266.0,2,1,48267.0,1
True,full,58503687,48264.0,1,48197.23,2850,599,0.8588803209830105,2021-04-21 20:17:22,8435,8444,7951,2021-04-21 20:17:28,47933.0,48415.0,47915.0,47853.0,1,48251.0,1,18,48250.0,13,1,48233.0,1,8,48232.0,4,2,48231.0,2,3,48261.0,3,2,48262.0,2,1,48263.0,1,1,48264.0,1,2,48265.0,2
True,full,58503687,48264.0,1,48197.23,2850,599,0.8588803209830105,2021-04-21 20:17:22,8435,8444,7951,2021-04-21 20:17:29,47933.0,48415.0,47915.0,47853.0,1,48251.0,1,18,48250.0,13,1,48235.0,1,8,48232.0,4,2,48231.0,2,7,48260.0,3,3,48261.0,3,1,48262.0,1,1,48263.0,1,1,48264.0,1
True,full,58503687,48251.0,1,48197.25,2851,598,0.8317137901489979,2021-04-21 20:17:31,8435,8444,7951,2021-04-21 20:17:32,47933.0,48415.0,47915.0,47853.0,18,48250.0,13,1,48233.0,1,7,48232.0,3,1,48231.0,1,2,48230.0,2,2,48258.0,2,1,48259.0,1,5,48260.0,1,3,48261.0,3,3,48262.0,3
True,full,58503687,48256.0,1,48197.27,2852,598,0.8421624558543874,2021-04-21 20:17:34,8434,8444,7951,2021-04-21 20:17:37,47933.0,48415.0,47915.0,47853.0,18,48250.0,13,5,48232.0,1,1,48231.0,1,1,48230.0,1,5,48228.0,1,4,48260.0,4,1,48261.0,1,2,48262.0,2,2,48263.0,2,1,48264.0,1
True,full,58503687,48250.0,1,48197.62,2871,603,0.8296240570079201,2021-04-21 20:17:42,8423,8444,7951,2021-04-21 20:17:50,47933.0,48415.0,47915.0,47853.0,3,48232.0,3,2,48230.0,2,6,48228.0,2,3,48227.0,3,2,48226.0,2,13,48250.0,2,1,48256.0,1,2,48259.0,2,2,48260.0,2,1,48261.0,1
True,full,58503687,48232.0,1,48197.64,2873,584,0.7920088604685181,2021-04-21 20:17:52,8424,8444,7951,2021-04-21 20:17:56,47933.0,48415.0,47915.0,47853.0,1,48236.0,1,2,48234.0,2,1,48232.0,1,2,48230.0,2,5,48228.0,1,1,48249.0,1,4,48250.0,1,2,48254.0,2,2,48256.0,2,1,48257.0,1
True,full,58503687,48234.0,1,48197.7,2877,601,0.796188326750674,2021-04-21 20:17:57,8421,8444,7951,2021-04-21 20:17:57,47933.0,48415.0,47915.0,47853.0,1,48234.0,1,1,48232.0,1,2,48230.0,2,5,48228.0,1,3,48226.0,3,2,48248.0,2,2,48249.0,2,4,48250.0,1,2,48252.0,2,1,48254.0,1
True,full,58503687,48246.0,3,48197.79,2883,580,0.8212651244436086,2021-04-21 20:18:04,8420,8444,7951,2021-04-21 20:18:06,47933.0,48415.0,47915.0,47853.0,1,48232.0,1,6,48228.0,2,2,48225.0,2,5,48221.0,5,3,48220.0,3,7,48245.0,3,1,48247.0,1,1,48248.0,1,2,48249.0,2,4,48250.0,1
True,full,58503687,48246.0,2,48197.83,2885,579,0.8212651244436086,2021-04-21 20:18:08,8418,8444,7951,2021-04-21 20:18:08,47933.0,48415.0,47915.0,47853.0,2,48232.0,2,6,48228.0,2,2,48225.0,2,1,48223.0,1,3,48222.0,3,1,48248.0,1,1,48249.0,1,4,48250.0,1,1,48252.0,1,1,48254.0,1
True,full,58503687,48246.0,2,48197.83,2885,580,0.8212651244436086,2021-04-21 20:18:08,8418,8444,7951,2021-04-21 20:18:11,47933.0,48415.0,47915.0,47853.0,2,48233.0,2,1,48232.0,1,6,48228.0,2,2,48225.0,2,1,48223.0,1,2,48248.0,2,1,48249.0,1,5,48250.0,2,1,48252.0,1,1,48253.0,1
True,full,58503687,48234.0,1,48197.88,2889,600,0.796188326750674,2021-04-21 20:18:16,8420,8444,7951,2021-04-21 20:18:16,47933.0,48415.0,47915.0,47853.0,3,48231.0,3,6,48228.0,2,2,48225.0,2,1,48224.0,1,3,48223.0,3,5,48246.0,1,1,48248.0,1,1,48249.0,1,4,48250.0,1,1,48252.0,1
True,full,58503687,48234.0,1,48197.88,2889,600,0.796188326750674,2021-04-21 20:18:16,8420,8444,7951,2021-04-21 20:18:21,47933.0,48415.0,47915.0,47853.0,3,48231.0,3,6,48228.0,2,2,48225.0,2,1,48223.0,1,3,48222.0,3,5,48246.0,1,1,48248.0,1,1,48249.0,1,4,48250.0,1,1,48252.0,1
True,full,58503687,48234.0,1,48197.88,2889,595,0.796188326750674,2021-04-21 20:18:16,8420,8444,7951,2021-04-21 20:18:31,47933.0,48415.0,47915.0,47853.0,3,48234.0,3,4,48233.0,4,2,48232.0,2,5,48231.0,5,1,48230.0,1,5,48246.0,1,1,48248.0,1,1,48249.0,1,4,48250.0,1,1,48256.0,1
True,full,58503687,48234.0,1,48197.88,2889,595,0.796188326750674,2021-04-21 20:18:16,8420,8444,7951,2021-04-21 20:18:32,47933.0,48415.0,47915.0,47853.0,2,48234.0,2,5,48231.0,5,3,48230.0,3,2,48229.0,2,8,48228.0,4,5,48246.0,1,1,48248.0,1,1,48249.0,1,4,48250.0,1,1,48256.0,1
True,full,58503687,48246.0,1,48197.89,2890,595,0.8212651244436086,2021-04-21 20:18:35,8419,8444,7951,2021-04-21 20:18:35,47933.0,48415.0,47915.0,47853.0,3,48234.0,3,3,48233.0,3,2,48232.0,2,6,48231.0,6,1,48230.0,1,4,48246.0,1,1,48248.0,1,1,48249.0,1,4,48250.0,1,1,48256.0,1
True,full,58503687,48246.0,1,48197.89,2890,599,0.8212651244436086,2021-04-21 20:18:35,8419,8444,7951,2021-04-21 20:18:37,47933.0,48415.0,47915.0,47853.0,2,48235.0,2,3,48234.0,3,3,48233.0,3,2,48232.0,2,6,48231.0,6,4,48246.0,1,1,48248.0,1,1,48249.0,1,4,48250.0,1,1,48256.0,1
True,full,58503687,48246.0,1,48197.89,2890,599,0.8212651244436086,2021-04-21 20:18:35,8419,8444,7951,2021-04-21 20:18:38,47933.0,48415.0,47915.0,47853.0,2,48235.0,2,2,48234.0,2,2,48232.0,2,5,48231.0,5,2,48230.0,2,4,48246.0,1,1,48248.0,1,1,48249.0,1,4,48250.0,1,1,48256.0,1
True,full,58503687,48246.0,4,48197.96,2894,603,0.8212651244436086,2021-04-21 20:18:50,8419,8444,7951,2021-04-21 20:18:51,47933.0,48415.0,47915.0,47853.0,3,48242.0,3,1,48237.0,1,1,48236.0,1,2,48235.0,2,2,48234.0,2,4,48250.0,1,1,48256.0,1,1,48260.0,1,1,48261.0,1,1,48262.0,1
True,full,58503687,48246.0,4,48197.96,2894,583,0.8212651244436086,2021-04-21 20:18:50,8419,8444,7951,2021-04-21 20:18:59,47933.0,48415.0,47915.0,47853.0,2,48242.0,2,1,48237.0,1,1,48236.0,1,3,48235.0,3,1,48234.0,1,4,48250.0,1,1,48256.0,1,1,48260.0,1,1,48261.0,1,1,48262.0,1
True,full,58503687,48242.0,1,48197.99,2896,584,0.812906191879297,2021-04-21 20:19:00,8419,8444,7951,2021-04-21 20:19:10,47933.0,48415.0,47915.0,47853.0,1,48242.0,1,1,48240.0,1,1,48237.0,1,1,48236.0,1,2,48235.0,2,5,48250.0,3,1,48253.0,1,2,48255.0,2,2,48256.0,2,2,48257.0,2
True,full,58503687,48250.0,2,48198.05,2899,586,0.8296240570079201,2021-04-21 20:19:15,8419,8444,7951,2021-04-21 20:19:22,47933.0,48415.0,47915.0,47853.0,2,48242.0,2,1,48240.0,1,1,48237.0,1,1,48236.0,1,2,48235.0,2,1,48256.0,1,2,48258.0,2,3,48259.0,3,2,48260.0,2,1,48262.0,1
True,full,58503687,48250.0,2,48198.05,2899,585,0.8296240570079201,2021-04-21 20:19:15,8419,8444,7951,2021-04-21 20:19:28,47933.0,48415.0,47915.0,47853.0,1,48242.0,1,1,48240.0,1,1,48237.0,1,1,48236.0,1,2,48235.0,2,2,48248.0,2,7,48250.0,3,3,48251.0,3,3,48252.0,3,1,48253.0,1
True,full,58503687,48250.0,2,48198.05,2899,585,0.8296240570079201,2021-04-21 20:19:15,8419,8444,7951,2021-04-21 20:19:29,47933.0,48415.0,47915.0,47853.0,1,48242.0,1,1,48240.0,1,1,48237.0,1,1,48236.0,1,2,48235.0,2,3,48248.0,3,7,48250.0,3,3,48251.0,3,3,48252.0,3,1,48253.0,1
True,full,58503687,48242.0,1,48198.12,2904,579,0.812906191879297,2021-04-21 20:19:33,8419,8444,7951,2021-04-21 20:19:36,47933.0,48415.0,47915.0,47853.0,1,48236.0,1,1,48235.0,1,1,48234.0,1,1,48231.0,1,1,48230.0,1,3,48242.0,3,1,48244.0,1,2,48245.0,2,2,48246.0,2,2,48248.0,2
True,full,58503687,48235.0,1,48198.14,2906,576,0.7982780598917518,2021-04-21 20:19:37,8420,8444,7951,2021-04-21 20:19:40,47933.0,48415.0,47915.0,47853.0,1,48231.0,1,1,48230.0,1,1,48228.0,1,2,48225.0,2,4,48221.0,4,2,48238.0,2,3,48239.0,3,2,48240.0,2,2,48242.0,2,3,48243.0,3
True,full,58503687,48231.0,1,48198.17,2908,574,0.7899191273274403,2021-04-21 20:19:43,8420,8444,7951,2021-04-21 20:19:45,47933.0,48415.0,47915.0,47853.0,1,48231.0,1,1,48230.0,1,1,48228.0,1,2,48225.0,2,3,48221.0,3,1,48240.0,1,2,48242.0,2,1,48243.0,1,2,48244.0,2,1,48246.0,1
True,full,58503687,48221.0,1,48198.22,2914,567,0.7690217959166614,2021-04-21 20:19:47,8419,8444,7951,2021-04-21 20:19:47,47933.0,48415.0,47915.0,47853.0,1,48221.0,1,5,48218.0,1,8,48215.0,2,3,48210.0,1,2,48207.0,2,2,48236.0,2,3,48237.0,3,1,48238.0,1,2,48239.0,2,2,48240.0,2
True,full,58503687,48221.0,1,48198.22,2914,568,0.7690217959166614,2021-04-21 20:19:47,8419,8444,7951,2021-04-21 20:19:50,47933.0,48415.0,47915.0,47853.0,2,48221.0,2,5,48218.0,1,8,48215.0,2,3,48210.0,1,1,48209.0,1,2,48236.0,2,2,48237.0,2,1,48239.0,1,2,48240.0,2,2,48241.0,2
True,full,58503687,48221.0,1,48198.22,2914,569,0.7690217959166614,2021-04-21 20:19:47,8419,8444,7951,2021-04-21 20:19:51,47933.0,48415.0,47915.0,47853.0,1,48221.0,1,5,48218.0,1,8,48215.0,2,4,48210.0,2,1,48207.0,1,2,48236.0,2,3,48237.0,3,1,48238.0,1,2,48239.0,2,1,48240.0,1
True,full,58503687,48221.0,1,48198.22,2914,571,0.7690217959166614,2021-04-21 20:19:47,8419,8444,7951,2021-04-21 20:19:52,47933.0,48415.0,47915.0,47853.0,2,48221.0,2,5,48218.0,1,8,48215.0,2,4,48210.0,2,1,48207.0,1,2,48236.0,2,3,48237.0,3,1,48238.0,1,2,48239.0,2,1,48240.0,1
True,full,58503687,48218.0,1,48198.27,2920,565,0.7627525964934277,2021-04-21 20:19:54,8414,8444,7951,2021-04-21 20:19:56,47933.0,48415.0,47915.0,47853.0,1,48218.0,1,3,48215.0,1,3,48210.0,1,1,48207.0,1,1,48205.0,1,3,48230.0,3,2,48232.0,2,1,48233.0,1,2,48234.0,2,4,48235.0,4
True,full,58503687,48200.0,2,48198.31,2937,568,0.7251373999540258,2021-04-21 20:20:04,8405,8444,7951,2021-04-21 20:20:04,47933.0,48415.0,47915.0,47853.0,10,48200.0,8,1,48199.0,1,1,48195.0,1,1,48192.0,1,7,48191.0,3,1,48218.0,1,3,48221.0,3,2,48222.0,2,1,48223.0,1,2,48224.0,2
True,full,58503687,48200.0,1,48198.31,2938,547,0.7251373999540258,2021-04-21 20:20:07,8405,8444,7951,2021-04-21 20:20:07,47933.0,48415.0,47915.0,47853.0,8,48200.0,6,1,48199.0,1,1,48195.0,1,5,48191.0,1,2,48190.0,2,1,48215.0,1,1,48217.0,1,2,48218.0,2,2,48219.0,2,2,48221.0,2
True,full,58503687,48200.0,1,48198.31,2938,548,0.7251373999540258,2021-04-21 20:20:07,8405,8444,7951,2021-04-21 20:20:09,47933.0,48415.0,47915.0,47853.0,1,48201.0,1,8,48200.0,6,1,48199.0,1,1,48196.0,1,5,48191.0,1,3,48212.0,1,2,48214.0,2,2,48215.0,2,2,48216.0,2,2,48218.0,2
True,full,58503687,48200.0,1,48198.31,2938,549,0.7251373999540258,2021-04-21 20:20:07,8405,8444,7951,2021-04-21 20:20:13,47933.0,48415.0,47915.0,47853.0,1,48207.0,1,1,48201.0,1,8,48200.0,6,1,48199.0,1,1,48192.0,1,5,48212.0,3,1,48214.0,1,1,48215.0,1,1,48216.0,1,1,48217.0,1
True,full,58503687,48175.0,1,48198.28,2959,535,0.6728940714270788,2021-04-21 20:20:20,8400,8444,7951,2021-04-21 20:20:24,47933.0,48415.0,47915.0,47853.0,1,48180.0,1,1,48172.0,1,2,48171.0,2,2,48170.0,2,5,48166.0,1,3,48191.0,3,4,48192.0,4,3,48193.0,3,2,48194.0,2,1,48195.0,1
True,full,58503687,48175.0,1,48198.28,2959,535,0.6728940714270788,2021-04-21 20:20:20,8400,8444,7951,2021-04-21 20:20:25,47933.0,48415.0,47915.0,47853.0,1,48180.0,1,1,48172.0,1,2,48171.0,2,3,48170.0,3,5,48166.0,1,2,48192.0,2,3,48193.0,3,3,48194.0,3,1,48195.0,1,1,48197.0,1
True,full,58503687,48200.0,2,48198.27,2966,540,0.7251373999540258,2021-04-21 20:20:29,8396,8444,7951,2021-04-21 20:20:29,47933.0,48415.0,47915.0,47853.0,1,48191.0,1,3,48181.0,2,1,48180.0,1,1,48179.0,1,1,48176.0,1,1,48200.0,1,1,48204.0,1,2,48207.0,2,6,48209.0,6,1,48210.0,1
True,full,58503687,48200.0,2,48198.27,2966,540,0.7251373999540258,2021-04-21 20:20:29,8396,8444,7951,2021-04-21 20:20:30,47933.0,48415.0,47915.0,47853.0,1,48191.0,1,4,48181.0,3,1,48180.0,1,1,48176.0,1,1,48174.0,1,3,48203.0,3,2,48204.0,2,2,48205.0,2,1,48210.0,1,2,48212.0,2
True,full,58503687,48181.0,1,48198.25,2969,538,0.685432470273546,2021-04-21 20:20:31,8393,8444,7951,2021-04-21 20:20:31,47933.0,48415.0,47915.0,47853.0,1,48182.0,1,2,48181.0,2,1,48180.0,1,1,48176.0,1,1,48175.0,1,3,48202.0,3,5,48203.0,5,4,48204.0,4,2,48205.0,2,1,48208.0,1
True,full,58503687,48181.0,1,48198.23,2973,536,0.685432470273546,2021-04-21 20:20:32,8391,8444,7951,2021-04-21 20:20:33,47933.0,48415.0,47915.0,47853.0,1,48180.0,1,1,48176.0,1,2,48175.0,2,1,48173.0,1,3,48172.0,3,3,48200.0,3,2,48201.0,2,4,48202.0,4,4,48203.0,4,3,48204.0,3
True,full,58503687,48180.0,1,48198.22,2974,540,0.6833427371324682,2021-04-21 20:20:34,8391,8444,7951,2021-04-21 20:20:40,47933.0,48415.0,47915.0,47853.0,1,48185.0,1,1,48182.0,1,2,48181.0,2,1,48176.0,1,1,48175.0,1,3,48203.0,3,2,48204.0,2,3,48207.0,3,4,48208.0,4,1,48209.0,1
True,full,58503687,48190.0,1,48198.21,2980,548,0.704240068543247,2021-04-21 20:20:45,8387,8444,7951,2021-04-21 20:20:51,47933.0,48415.0,47915.0,47853.0,3,48182.0,3,1,48181.0,1,2,48180.0,1,2,48176.0,2,1,48175.0,1,3,48193.0,3,2,48194.0,2,2,48195.0,2,1,48196.0,1,1,48198.0,1
True,full,58503687,48183.0,1,48198.18,2990,553,0.6896119365557019,2021-04-21 20:21:05,8383,8444,7951,2021-04-21 20:21:10,47933.0,48415.0,47915.0,47853.0,1,48188.0,1,2,48187.0,2,2,48186.0,2,2,48185.0,2,1,48183.0,1,3,48200.0,1,1,48203.0,1,1,48204.0,1,1,48209.0,1,1,48210.0,1
True,full,58503687,48183.0,1,48198.18,2990,552,0.6896119365557019,2021-04-21 20:21:05,8383,8444,7951,2021-04-21 20:21:10,47933.0,48415.0,47915.0,47853.0,2,48187.0,2,2,48186.0,2,2,48185.0,2,1,48183.0,1,3,48182.0,3,3,48200.0,1,1,48203.0,1,1,48204.0,1,2,48209.0,2,1,48211.0,1
True,full,58503687,48183.0,1,48198.18,2990,558,0.6896119365557019,2021-04-21 20:21:05,8383,8444,7951,2021-04-21 20:21:12,47933.0,48415.0,47915.0,47853.0,2,48189.0,2,2,48188.0,2,1,48187.0,1,1,48186.0,1,2,48185.0,2,1,48208.0,1,1,48209.0,1,1,48210.0,1,1,48211.0,1,1,48212.0,1
True,full,58503687,48183.0,1,48198.18,2990,562,0.6896119365557019,2021-04-21 20:21:05,8383,8444,7951,2021-04-21 20:21:18,47933.0,48415.0,47915.0,47853.0,2,48194.0,2,2,48192.0,2,1,48190.0,1,1,48187.0,1,1,48186.0,1,1,48209.0,1,2,48210.0,2,1,48211.0,1,1,48212.0,1,1,48214.0,1
True,full,58503687,48183.0,1,48198.18,2990,564,0.6896119365557019,2021-04-21 20:21:05,8383,8444,7951,2021-04-21 20:21:22,47933.0,48415.0,47915.0,47853.0,2,48194.0,2,2,48192.0,2,1,48190.0,1,1,48187.0,1,1,48186.0,1,1,48209.0,1,2,48210.0,2,1,48211.0,1,1,48212.0,1,1,48214.0,1
True,full,58503687,48183.0,1,48198.18,2990,569,0.6896119365557019,2021-04-21 20:21:05,8383,8444,7951,2021-04-21 20:21:36,47933.0,48415.0,47915.0,47853.0,2,48194.0,2,1,48193.0,1,1,48192.0,1,1,48190.0,1,1,48188.0,1,2,48204.0,1,1,48214.0,1,1,48215.0,1,2,48216.0,2,2,48217.0,2
True,full,58503687,48183.0,1,48198.18,2990,568,0.6896119365557019,2021-04-21 20:21:05,8383,8444,7951,2021-04-21 20:21:40,47933.0,48415.0,47915.0,47853.0,2,48192.0,2,2,48190.0,2,1,48187.0,1,2,48186.0,2,2,48185.0,2,2,48204.0,1,2,48213.0,2,3,48214.0,3,1,48215.0,1,1,48218.0,1
True,full,58503687,48183.0,1,48198.18,2990,572,0.6896119365557019,2021-04-21 20:21:05,8383,8444,7951,2021-04-21 20:21:43,47933.0,48415.0,47915.0,47853.0,3,48193.0,3,2,48192.0,2,2,48190.0,2,2,48187.0,2,1,48186.0,1,2,48204.0,1,1,48214.0,1,3,48215.0,3,2,48216.0,2,1,48218.0,1
True,full,58503687,48183.0,1,48198.18,2990,572,0.6896119365557019,2021-04-21 20:21:05,8383,8444,7951,2021-04-21 20:21:44,47933.0,48415.0,47915.0,47853.0,2,48193.0,2,3,48192.0,3,1,48190.0,1,1,48189.0,1,1,48187.0,1,2,48204.0,1,1,48210.0,1,1,48214.0,1,1,48215.0,1,1,48218.0,1
True,full,58503687,48183.0,1,48198.18,2990,572,0.6896119365557019,2021-04-21 20:21:05,8383,8444,7951,2021-04-21 20:21:45,47933.0,48415.0,47915.0,47853.0,2,48193.0,2,3,48192.0,3,1,48191.0,1,1,48190.0,1,1,48188.0,1,2,48204.0,1,1,48211.0,1,1,48214.0,1,1,48215.0,1,1,48218.0,1
True,full,58503687,48211.0,1,48198.19,2993,584,0.7481244645058825,2021-04-21 20:21:50,8385,8444,7951,2021-04-21 20:21:50,47933.0,48415.0,47915.0,47853.0,1,48214.0,1,1,48210.0,1,1,48206.0,1,2,48203.0,2,1,48202.0,1,2,48220.0,2,1,48221.0,1,1,48222.0,1,1,48224.0,1,1,48225.0,1
True,full,58503687,48220.0,1,48198.2,2994,579,0.7669320627755836,2021-04-21 20:21:53,8386,8444,7951,2021-04-21 20:21:59,47933.0,48415.0,47915.0,47853.0,2,48216.0,2,3,48215.0,3,2,48214.0,2,1,48211.0,1,2,48209.0,2,1,48233.0,1,1,48235.0,1,1,48236.0,1,1,48237.0,1,3,48239.0,3
True,full,58503687,48220.0,1,48198.2,2994,583,0.7669320627755836,2021-04-21 20:21:53,8386,8444,7951,2021-04-21 20:22:01,47933.0,48415.0,47915.0,47853.0,4,48220.0,3,2,48216.0,2,2,48215.0,2,2,48214.0,2,2,48211.0,2,1,48233.0,1,1,48235.0,1,1,48236.0,1,1,48237.0,1,3,48239.0,3
True,full,58503687,48220.0,1,48198.2,2994,583,0.7669320627755836,2021-04-21 20:21:53,8386,8444,7951,2021-04-21 20:22:05,47933.0,48415.0,47915.0,47853.0,3,48220.0,2,2,48216.0,2,2,48215.0,2,1,48214.0,1,2,48211.0,2,2,48235.0,2,2,48236.0,2,1,48237.0,1,2,48238.0,2,4,48240.0,4
True,full,58503687,48211.0,1,48198.27,3003,578,0.7481244645058825,2021-04-21 20:22:08,8386,8444,7951,2021-04-21 20:22:14,47933.0,48415.0,47915.0,47853.0,1,48205.0,1,5,48202.0,1,1,48201.0,1,2,48200.0,2,1,48199.0,1,3,48220.0,3,1,48222.0,1,1,48223.0,1,1,48224.0,1,4,48225.0,2
True,full,58503687,48211.0,1,48198.27,3003,578,0.7481244645058825,2021-04-21 20:22:08,8386,8444,7951,2021-04-21 20:22:18,47933.0,48415.0,47915.0,47853.0,1,48205.0,1,1,48201.0,1,2,48200.0,2,2,48195.0,2,1,48193.0,1,5,48216.0,3,2,48217.0,2,2,48218.0,2,2,48220.0,2,1,48223.0,1
True,full,58503687,48216.0,1,48198.28,3004,578,0.758573130211272,2021-04-21 20:22:19,8386,8444,7951,2021-04-21 20:22:21,47933.0,48415.0,47915.0,47853.0,1,48210.0,1,1,48205.0,1,1,48201.0,1,2,48200.0,2,1,48197.0,1,2,48216.0,1,1,48218.0,1,2,48220.0,2,1,48222.0,1,1,48223.0,1
True,full,58503687,48216.0,1,48198.28,3004,578,0.758573130211272,2021-04-21 20:22:19,8386,8444,7951,2021-04-21 20:22:23,47933.0,48415.0,47915.0,47853.0,1,48210.0,1,1,48205.0,1,1,48201.0,1,2,48200.0,2,1,48198.0,1,2,48216.0,1,1,48218.0,1,3,48220.0,3,1,48222.0,1,1,48223.0,1
True,full,58503687,48216.0,1,48198.28,3005,579,0.758573130211272,2021-04-21 20:22:28,8386,8444,7951,2021-04-21 20:22:30,47933.0,48415.0,47915.0,47853.0,3,48210.0,3,1,48206.0,1,2,48203.0,2,2,48202.0,2,4,48201.0,4,2,48220.0,2,1,48224.0,1,1,48225.0,1,1,48226.0,1,1,48227.0,1
True,full,58503687,48211.0,1,48198.29,3006,587,0.7481244645058825,2021-04-21 20:22:33,8386,8444,7951,2021-04-21 20:22:54,47933.0,48415.0,47915.0,47853.0,4,48205.0,4,1,48203.0,1,1,48201.0,1,10,48200.0,6,1,48199.0,1,15,48218.0,2,2,48220.0,2,1,48224.0,1,2,48225.0,2,2,48226.0,2
True,full,58503687,48211.0,1,48198.29,3006,597,0.7481244645058825,2021-04-21 20:22:33,8386,8444,7951,2021-04-21 20:23:01,47933.0,48415.0,47915.0,47853.0,3,48211.0,3,4,48210.0,3,1,48208.0,1,1,48207.0,1,1,48206.0,1,2,48220.0,2,1,48224.0,1,3,48225.0,3,2,48226.0,2,1,48231.0,1
True,full,58503687,48212.0,2,48198.3,3009,591,0.7502141976469605,2021-04-21 20:23:07,8386,8444,7951,2021-04-21 20:23:08,47933.0,48415.0,47915.0,47853.0,1,48205.0,1,1,48201.0,1,9,48200.0,4,1,48196.0,1,1,48195.0,1,3,48210.0,1,1,48213.0,1,2,48214.0,2,6,48215.0,2,1,48218.0,1
True,full,58503687,48212.0,2,48198.3,3009,593,0.7502141976469605,2021-04-21 20:23:07,8386,8444,7951,2021-04-21 20:23:08,47933.0,48415.0,47915.0,47853.0,1,48205.0,1,1,48201.0,1,9,48200.0,4,1,48196.0,1,1,48195.0,1,3,48210.0,1,1,48213.0,1,2,48214.0,2,6,48215.0,2,1,48218.0,1
True,full,58503687,48212.0,2,48198.3,3009,593,0.7502141976469605,2021-04-21 20:23:07,8386,8444,7951,2021-04-21 20:23:09,47933.0,48415.0,47915.0,47853.0,1,48205.0,1,1,48201.0,1,9,48200.0,4,1,48196.0,1,1,48195.0,1,3,48210.0,1,1,48213.0,1,1,48214.0,1,5,48215.0,1,2,48218.0,2
True,full,58503687,48212.0,2,48198.3,3009,594,0.7502141976469605,2021-04-21 20:23:07,8386,8444,7951,2021-04-21 20:23:11,47933.0,48415.0,47915.0,47853.0,1,48205.0,1,1,48201.0,1,9,48200.0,4,1,48196.0,1,1,48195.0,1,3,48210.0,1,1,48213.0,1,1,48214.0,1,5,48215.0,1,1,48218.0,1
True,full,58503687,48212.0,2,48198.3,3009,594,0.7502141976469605,2021-04-21 20:23:07,8386,8444,7951,2021-04-21 20:23:16,47933.0,48415.0,47915.0,47853.0,1,48205.0,1,1,48201.0,1,9,48200.0,4,1,48194.0,1,1,48193.0,1,3,48210.0,2,2,48213.0,2,2,48214.0,2,5,48215.0,1,1,48218.0,1
True,full,58503687,48201.0,1,48198.3,3011,593,0.7272271330951038,2021-04-21 20:23:20,8387,8444,7951,2021-04-21 20:23:23,47933.0,48415.0,47915.0,47853.0,2,48201.0,1,8,48200.0,3,1,48193.0,1,1,48192.0,1,3,48190.0,3,2,48208.0,2,16,48209.0,3,3,48210.0,2,1,48211.0,1,1,48213.0,1
True,full,58503687,48199.0,4,48198.32,3027,581,0.723047666812948,2021-04-21 20:23:31,8387,8444,7951,2021-04-21 20:23:35,47933.0,48415.0,47915.0,47853.0,2,48191.0,1,2,48190.0,2,1,48187.0,1,1,48186.0,1,1,48185.0,1,3,48200.0,2,1,48201.0,1,1,48205.0,1,3,48206.0,3,5,48207.0,1
True,full,58503687,48199.0,4,48198.32,3027,579,0.723047666812948,2021-04-21 20:23:31,8387,8444,7951,2021-04-21 20:23:37,47933.0,48415.0,47915.0,47853.0,1,48193.0,1,2,48190.0,2,1,48187.0,1,1,48186.0,1,1,48185.0,1,4,48200.0,3,1,48201.0,1,1,48205.0,1,3,48206.0,3,5,48207.0,1
True,full,58503687,48199.0,2,48198.32,3034,582,0.723047666812948,2021-04-21 20:23:47,8380,8444,7951,2021-04-21 20:23:47,47933.0,48415.0,47915.0,47853.0,1,48195.0,1,1,48193.0,1,1,48191.0,1,2,48190.0,2,2,48188.0,2,1,48205.0,1,2,48206.0,2,1,48208.0,1,1,48213.0,1,1,48214.0,1
True,full,58503687,48199.0,2,48198.32,3034,583,0.723047666812948,2021-04-21 20:23:47,8380,8444,7951,2021-04-21 20:23:49,47933.0,48415.0,47915.0,47853.0,3,48195.0,3,1,48194.0,1,1,48193.0,1,2,48192.0,2,1,48191.0,1,1,48206.0,1,1,48208.0,1,1,48213.0,1,1,48214.0,1,1,48218.0,1
True,full,58503687,48208.0,1,48198.33,3036,585,0.741855265082649,2021-04-21 20:23:51,8381,8444,7951,2021-04-21 20:23:52,47933.0,48415.0,47915.0,47853.0,2,48197.0,2,2,48196.0,2,1,48195.0,1,1,48194.0,1,3,48193.0,3,1,48214.0,1,1,48218.0,1,1,48219.0,1,3,48220.0,3,1,48221.0,1
True,full,58503687,48208.0,1,48198.33,3036,586,0.741855265082649,2021-04-21 20:23:51,8381,8444,7951,2021-04-21 20:23:58,47933.0,48415.0,47915.0,47853.0,3,48200.0,3,1,48199.0,1,1,48198.0,1,1,48197.0,1,2,48196.0,2,1,48211.0,1,1,48218.0,1,1,48219.0,1,2,48220.0,2,1,48224.0,1
True,full,58503687,48208.0,1,48198.33,3036,586,0.741855265082649,2021-04-21 20:23:51,8381,8444,7951,2021-04-21 20:23:59,47933.0,48415.0,47915.0,47853.0,3,48200.0,3,1,48198.0,1,1,48197.0,1,4,48195.0,4,1,48194.0,1,1,48211.0,1,1,48218.0,1,2,48220.0,2,1,48224.0,1,3,48225.0,3
True,full,58503687,48208.0,1,48198.33,3037,589,0.741855265082649,2021-04-21 20:24:01,8380,8444,7951,2021-04-21 20:24:04,47933.0,48415.0,47915.0,47853.0,3,48204.0,3,2,48201.0,2,4,48200.0,4,4,48199.0,4,1,48198.0,1,1,48218.0,1,2,48220.0,2,2,48222.0,1,1,48224.0,1,3,48225.0,3
True,full,58503687,48208.0,1,48198.33,3037,589,0.741855265082649,2021-04-21 20:24:01,8380,8444,7951,2021-04-21 20:24:10,47933.0,48415.0,47915.0,47853.0,3,48204.0,3,2,48201.0,2,4,48200.0,4,5,48199.0,5,1,48198.0,1,1,48210.0,1,1,48218.0,1,2,48220.0,2,2,48222.0,1,1,48224.0,1
True,full,58503687,48204.0,1,48198.33,3038,590,0.7334963325183375,2021-04-21 20:24:12,8380,8444,7951,2021-04-21 20:24:13,47933.0,48415.0,47915.0,47853.0,2,48204.0,2,2,48201.0,2,5,48200.0,5,4,48199.0,4,1,48198.0,1,1,48218.0,1,2,48220.0,2,2,48222.0,1,1,48224.0,1,3,48225.0,3
True,full,58503687,48204.0,1,48198.33,3038,587,0.7334963325183375,2021-04-21 20:24:12,8380,8444,7951,2021-04-21 20:24:14,47933.0,48415.0,47915.0,47853.0,2,48200.0,2,1,48199.0,1,1,48197.0,1,3,48195.0,3,1,48193.0,1,1,48215.0,1,1,48218.0,1,3,48220.0,3,1,48221.0,1,2,48222.0,1
True,full,58503687,48208.0,1,48198.34,3041,591,0.741855265082649,2021-04-21 20:24:21,8380,8444,7951,2021-04-21 20:24:24,47933.0,48415.0,47915.0,47853.0,2,48201.0,2,2,48200.0,2,2,48199.0,2,1,48197.0,1,3,48195.0,3,1,48210.0,1,1,48215.0,1,1,48218.0,1,2,48220.0,2,3,48222.0,2
True,full,58503687,48208.0,1,48198.34,3041,588,0.741855265082649,2021-04-21 20:24:21,8380,8444,7951,2021-04-21 20:24:35,47933.0,48415.0,47915.0,47853.0,3,48199.0,3,1,48197.0,1,3,48195.0,3,2,48194.0,2,2,48193.0,2,1,48210.0,1,1,48215.0,1,1,48218.0,1,2,48220.0,2,2,48222.0,1
True,full,58503687,48208.0,1,48198.34,3041,589,0.741855265082649,2021-04-21 20:24:21,8380,8444,7951,2021-04-21 20:24:36,47933.0,48415.0,47915.0,47853.0,3,48199.0,3,1,48197.0,1,3,48195.0,3,2,48194.0,2,2,48193.0,2,1,48210.0,1,1,48215.0,1,1,48218.0,1,2,48220.0,2,2,48222.0,1
True,full,58503687,48208.0,1,48198.34,3041,589,0.741855265082649,2021-04-21 20:24:21,8380,8444,7951,2021-04-21 20:24:37,47933.0,48415.0,47915.0,47853.0,3,48199.0,3,1,48197.0,1,1,48196.0,1,2,48195.0,2,2,48194.0,2,1,48210.0,1,1,48215.0,1,1,48218.0,1,2,48220.0,2,2,48222.0,1
True,full,58503687,48208.0,1,48198.34,3041,589,0.741855265082649,2021-04-21 20:24:21,8380,8444,7951,2021-04-21 20:24:44,47933.0,48415.0,47915.0,47853.0,3,48199.0,3,1,48197.0,1,3,48195.0,3,3,48193.0,3,1,48192.0,1,1,48218.0,1,2,48220.0,2,2,48222.0,1,2,48224.0,2,3,48225.0,3
True,full,58503687,48208.0,1,48198.34,3041,589,0.741855265082649,2021-04-21 20:24:21,8380,8444,7951,2021-04-21 20:24:45,47933.0,48415.0,47915.0,47853.0,3,48199.0,3,1,48197.0,1,2,48195.0,2,1,48194.0,1,3,48193.0,3,1,48218.0,1,2,48220.0,2,2,48222.0,1,1,48224.0,1,3,48225.0,3
True,full,58503687,48208.0,1,48198.34,3041,589,0.741855265082649,2021-04-21 20:24:21,8380,8444,7951,2021-04-21 20:24:48,47933.0,48415.0,47915.0,47853.0,3,48199.0,3,1,48197.0,1,2,48195.0,2,4,48193.0,4,1,48192.0,1,2,48215.0,2,1,48218.0,1,2,48220.0,2,2,48222.0,1,1,48224.0,1
True,full,58503687,48199.0,1,48198.34,3042,585,0.723047666812948,2021-04-21 20:24:51,8380,8444,7951,2021-04-21 20:24:53,47933.0,48415.0,47915.0,47853.0,2,48195.0,2,1,48193.0,1,1,48190.0,1,6,48187.0,2,2,48186.0,2,1,48205.0,1,5,48208.0,1,1,48209.0,1,1,48215.0,1,1,48216.0,1
True,full,58503687,48208.0,1,48198.35,3045,591,0.741855265082649,2021-04-21 20:24:54,8378,8444,7951,2021-04-21 20:24:55,47933.0,48415.0,47915.0,47853.0,1,48200.0,1,3,48195.0,3,1,48193.0,1,1,48190.0,1,6,48187.0,2,5,48208.0,2,1,48209.0,1,1,48214.0,1,2,48215.0,2,2,48218.0,2
True,full,58503687,48200.0,1,48198.35,3046,592,0.7251373999540258,2021-04-21 20:25:02,8379,8444,7951,2021-04-21 20:25:10,47933.0,48415.0,47915.0,47853.0,5,48195.0,5,1,48193.0,1,1,48190.0,1,6,48187.0,2,1,48186.0,1,1,48211.0,1,1,48212.0,1,1,48213.0,1,1,48215.0,1,1,48216.0,1
True,full,58503687,48210.0,1,48198.35,3047,590,0.7460347313648047,2021-04-21 20:25:16,8379,8444,7951,2021-04-21 20:25:17,47933.0,48415.0,47915.0,47853.0,1,48200.0,1,3,48195.0,3,1,48193.0,1,1,48190.0,1,6,48187.0,2,9,48210.0,1,1,48215.0,1,1,48217.0,1,2,48218.0,2,2,48219.0,2
True,full,58503687,48210.0,1,48198.35,3047,589,0.7460347313648047,2021-04-21 20:25:16,8379,8444,7951,2021-04-21 20:25:21,47933.0,48415.0,47915.0,47853.0,1,48200.0,1,3,48195.0,3,1,48193.0,1,1,48191.0,1,1,48190.0,1,10,48210.0,2,1,48213.0,1,1,48214.0,1,1,48215.0,1,1,48217.0,1
True,full,58503687,48215.0,1,48198.36,3048,603,0.7564833970701942,2021-04-21 20:25:23,8380,8444,7951,2021-04-21 20:25:33,47933.0,48415.0,47915.0,47853.0,3,48203.0,3,3,48202.0,3,1,48201.0,1,7,48200.0,4,3,48195.0,3,1,48217.0,1,1,48218.0,1,1,48219.0,1,2,48220.0,2,1,48221.0,1
True,full,58503687,48215.0,1,48198.36,3048,603,0.7564833970701942,2021-04-21 20:25:23,8380,8444,7951,2021-04-21 20:25:33,47933.0,48415.0,47915.0,47853.0,3,48203.0,3,3,48202.0,3,1,48201.0,1,7,48200.0,4,3,48195.0,3,1,48217.0,1,1,48218.0,1,1,48219.0,1,2,48220.0,2,1,48221.0,1
True,full,58503687,48215.0,1,48198.36,3048,602,0.7564833970701942,2021-04-21 20:25:23,8380,8444,7951,2021-04-21 20:25:36,47933.0,48415.0,47915.0,47853.0,2,48203.0,2,2,48202.0,2,2,48201.0,2,7,48200.0,4,3,48195.0,3,1,48217.0,1,1,48218.0,1,1,48219.0,1,2,48220.0,2,1,48221.0,1
True,full,58503687,48215.0,1,48198.36,3048,603,0.7564833970701942,2021-04-21 20:25:23,8380,8444,7951,2021-04-21 20:25:37,47933.0,48415.0,47915.0,47853.0,3,48203.0,3,2,48202.0,2,2,48201.0,2,7,48200.0,4,3,48195.0,3,1,48217.0,1,1,48218.0,1,2,48219.0,2,2,48220.0,2,2,48222.0,1
True,full,58503687,48215.0,1,48198.36,3048,600,0.7564833970701942,2021-04-21 20:25:23,8380,8444,7951,2021-04-21 20:25:46,47933.0,48415.0,47915.0,47853.0,1,48215.0,1,2,48203.0,2,1,48201.0,1,7,48200.0,4,1,48198.0,1,1,48219.0,1,1,48220.0,1,1,48221.0,1,2,48222.0,1,2,48224.0,2
True,full,58503687,48215.0,1,48198.36,3048,600,0.7564833970701942,2021-04-21 20:25:23,8380,8444,7951,2021-04-21 20:25:47,47933.0,48415.0,47915.0,47853.0,1,48215.0,1,2,48203.0,2,1,48202.0,1,1,48201.0,1,7,48200.0,4,1,48219.0,1,3,48222.0,2,1,48223.0,1,1,48224.0,1,2,48225.0,2
True,full,58503687,48215.0,1,48198.36,3048,600,0.7564833970701942,2021-04-21 20:25:23,8380,8444,7951,2021-04-21 20:25:48,47933.0,48415.0,47915.0,47853.0,1,48215.0,1,2,48203.0,2,3,48202.0,3,2,48201.0,2,10,48200.0,7,1,48219.0,1,2,48222.0,1,1,48223.0,1,2,48224.0,2,2,48225.0,2
True,full,58503687,48215.0,1,48198.36,3048,600,0.7564833970701942,2021-04-21 20:25:23,8380,8444,7951,2021-04-21 20:25:54,47933.0,48415.0,47915.0,47853.0,1,48210.0,1,1,48205.0,1,2,48203.0,2,1,48201.0,1,6,48200.0,3,1,48219.0,1,2,48222.0,1,1,48224.0,1,2,48225.0,2,2,48226.0,2
True,full,58503687,48215.0,1,48198.36,3048,601,0.7564833970701942,2021-04-21 20:25:23,8380,8444,7951,2021-04-21 20:25:58,47933.0,48415.0,47915.0,47853.0,2,48210.0,2,1,48205.0,1,2,48203.0,2,1,48201.0,1,7,48200.0,4,1,48219.0,1,2,48222.0,1,1,48224.0,1,2,48225.0,2,1,48226.0,1
True,full,58503687,48215.0,1,48198.36,3048,602,0.7564833970701942,2021-04-21 20:25:23,8380,8444,7951,2021-04-21 20:26:00,47933.0,48415.0,47915.0,47853.0,3,48210.0,3,1,48205.0,1,2,48203.0,2,2,48201.0,2,8,48200.0,5,1,48219.0,1,2,48222.0,1,1,48224.0,1,2,48225.0,2,1,48226.0,1
True,full,58503687,48215.0,1,48198.36,3048,601,0.7564833970701942,2021-04-21 20:25:23,8380,8444,7951,2021-04-21 20:26:06,47933.0,48415.0,47915.0,47853.0,1,48215.0,1,1,48210.0,1,1,48205.0,1,2,48203.0,2,1,48201.0,1,1,48219.0,1,2,48222.0,1,1,48224.0,1,2,48225.0,2,1,48226.0,1
True,full,58503687,48215.0,1,48198.36,3048,601,0.7564833970701942,2021-04-21 20:25:23,8380,8444,7951,2021-04-21 20:26:14,47933.0,48415.0,47915.0,47853.0,1,48215.0,1,1,48210.0,1,1,48205.0,1,2,48203.0,2,1,48201.0,1,2,48219.0,2,2,48222.0,1,1,48223.0,1,2,48224.0,2,2,48225.0,2
True,full,58503687,48215.0,1,48198.37,3049,599,0.7564833970701942,2021-04-21 20:26:19,8380,8444,7951,2021-04-21 20:26:19,47933.0,48415.0,47915.0,47853.0,1,48205.0,1,2,48203.0,2,1,48201.0,1,6,48200.0,3,4,48195.0,4,1,48218.0,1,2,48219.0,2,2,48222.0,1,1,48223.0,1,2,48224.0,2
True,full,58503687,48215.0,1,48198.37,3049,600,0.7564833970701942,2021-04-21 20:26:19,8380,8444,7951,2021-04-21 20:26:20,47933.0,48415.0,47915.0,47853.0,2,48205.0,2,2,48203.0,2,1,48201.0,1,6,48200.0,3,3,48195.0,3,1,48218.0,1,2,48219.0,2,2,48222.0,1,1,48223.0,1,2,48224.0,2
True,full,58503687,48215.0,1,48198.37,3049,598,0.7564833970701942,2021-04-21 20:26:19,8380,8444,7951,2021-04-21 20:26:21,47933.0,48415.0,47915.0,47853.0,1,48205.0,1,1,48203.0,1,1,48201.0,1,6,48200.0,3,3,48195.0,3,1,48218.0,1,2,48219.0,2,2,48222.0,1,1,48223.0,1,2,48224.0,2
True,full,58503687,48215.0,1,48198.37,3049,599,0.7564833970701942,2021-04-21 20:26:19,8380,8444,7951,2021-04-21 20:26:22,47933.0,48415.0,47915.0,47853.0,2,48205.0,2,1,48203.0,1,1,48201.0,1,6,48200.0,3,3,48195.0,3,1,48218.0,1,2,48219.0,2,2,48222.0,1,1,48223.0,1,2,48224.0,2
True,full,58503687,48215.0,1,48198.37,3049,598,0.7564833970701942,2021-04-21 20:26:19,8380,8444,7951,2021-04-21 20:26:26,47933.0,48415.0,47915.0,47853.0,1,48205.0,1,1,48203.0,1,1,48201.0,1,6,48200.0,3,3,48195.0,3,2,48217.0,2,2,48218.0,2,2,48219.0,2,1,48221.0,1,2,48222.0,1
True,full,58503687,48215.0,1,48198.37,3049,597,0.7564833970701942,2021-04-21 20:26:19,8380,8444,7951,2021-04-21 20:26:29,47933.0,48415.0,47915.0,47853.0,1,48205.0,1,1,48203.0,1,1,48201.0,1,6,48200.0,3,1,48196.0,1,1,48217.0,1,2,48218.0,2,2,48219.0,2,1,48220.0,1,2,48222.0,1
True,full,58503687,48215.0,1,48198.37,3049,597,0.7564833970701942,2021-04-21 20:26:19,8380,8444,7951,2021-04-21 20:26:29,47933.0,48415.0,47915.0,47853.0,1,48205.0,1,1,48203.0,1,1,48201.0,1,6,48200.0,3,1,48196.0,1,1,48217.0,1,1,48218.0,1,3,48219.0,3,1,48220.0,1,2,48222.0,1
True,full,58503687,48215.0,1,48198.37,3049,597,0.7564833970701942,2021-04-21 20:26:19,8380,8444,7951,2021-04-21 20:26:29,47933.0,48415.0,47915.0,47853.0,1,48205.0,1,1,48203.0,1,1,48201.0,1,6,48200.0,3,1,48196.0,1,1,48217.0,1,1,48218.0,1,3,48219.0,3,1,48220.0,1,2,48222.0,1
True,full,58503687,48215.0,1,48198.37,3049,598,0.7564833970701942,2021-04-21 20:26:19,8380,8444,7951,2021-04-21 20:26:32,47933.0,48415.0,47915.0,47853.0,2,48205.0,2,1,48203.0,1,1,48201.0,1,6,48200.0,3,1,48196.0,1,1,48217.0,1,1,48218.0,1,3,48219.0,3,1,48220.0,1,2,48222.0,1
True,full,58503687,48215.0,1,48198.37,3049,597,0.7564833970701942,2021-04-21 20:26:19,8380,8444,7951,2021-04-21 20:26:36,47933.0,48415.0,47915.0,47853.0,1,48205.0,1,1,48203.0,1,1,48201.0,1,6,48200.0,3,1,48196.0,1,5,48217.0,3,1,48218.0,1,2,48219.0,2,1,48221.0,1,3,48222.0,2
True,full,58503687,48217.0,1,48198.37,3050,598,0.7606628633523499,2021-04-21 20:26:36,8380,8444,7951,2021-04-21 20:26:40,47933.0,48415.0,47915.0,47853.0,2,48205.0,2,1,48203.0,1,1,48201.0,1,6,48200.0,3,4,48195.0,4,4,48217.0,3,1,48218.0,1,2,48219.0,2,1,48221.0,1,3,48222.0,2
True,full,58503687,48217.0,1,48198.37,3050,597,0.7606628633523499,2021-04-21 20:26:36,8380,8444,7951,2021-04-21 20:26:41,47933.0,48415.0,47915.0,47853.0,1,48205.0,1,1,48203.0,1,1,48201.0,1,6,48200.0,3,4,48195.0,4,4,48217.0,3,1,48218.0,1,2,48219.0,2,1,48220.0,1,1,48221.0,1
True,full,58503687,48205.0,1,48198.37,3051,594,0.7355860656594153,2021-04-21 20:26:43,8379,8444,7951,2021-04-21 20:26:43,47933.0,48415.0,47915.0,47853.0,1,48201.0,1,6,48200.0,3,4,48195.0,4,1,48193.0,1,4,48191.0,4,1,48214.0,1,10,48215.0,2,3,48217.0,2,1,48218.0,1,3,48219.0,3
True,full,58503687,48205.0,1,48198.37,3051,593,0.7355860656594153,2021-04-21 20:26:43,8379,8444,7951,2021-04-21 20:26:45,47933.0,48415.0,47915.0,47853.0,6,48200.0,3,4,48195.0,4,1,48193.0,1,4,48191.0,4,1,48190.0,1,1,48214.0,1,10,48215.0,2,1,48216.0,1,3,48217.0,2,2,48218.0,2
True,full,58503687,48205.0,1,48198.37,3051,593,0.7355860656594153,2021-04-21 20:26:43,8379,8444,7951,2021-04-21 20:26:48,47933.0,48415.0,47915.0,47853.0,6,48200.0,3,1,48196.0,1,3,48195.0,3,1,48193.0,1,4,48191.0,4,4,48213.0,2,1,48214.0,1,10,48215.0,2,1,48217.0,1,2,48218.0,2
True,full,58503687,48210.0,1,48198.38,3052,593,0.7460347313648047,2021-04-21 20:27:04,8378,8444,7951,2021-04-21 20:27:05,47933.0,48415.0,47915.0,47853.0,2,48205.0,2,4,48200.0,1,3,48195.0,3,1,48193.0,1,2,48191.0,2,5,48210.0,2,2,48213.0,2,2,48214.0,2,5,48215.0,1,2,48217.0,2
True,full,58503687,48205.0,1,48198.38,3054,591,0.7355860656594153,2021-04-21 20:27:10,8380,8444,7951,2021-04-21 20:27:11,47933.0,48415.0,47915.0,47853.0,4,48200.0,1,2,48195.0,2,1,48193.0,1,3,48191.0,3,6,48187.0,2,6,48209.0,2,6,48210.0,3,1,48211.0,1,1,48213.0,1,2,48214.0,2
True,full,58503687,48205.0,1,48198.38,3054,593,0.7355860656594153,2021-04-21 20:27:10,8380,8444,7951,2021-04-21 20:27:14,47933.0,48415.0,47915.0,47853.0,1,48201.0,1,4,48200.0,1,2,48195.0,2,1,48193.0,1,3,48191.0,3,6,48209.0,2,3,48213.0,3,1,48214.0,1,1,48215.0,1,1,48217.0,1
True,full,58503687,48205.0,1,48198.38,3054,593,0.7355860656594153,2021-04-21 20:27:10,8380,8444,7951,2021-04-21 20:27:16,47933.0,48415.0,47915.0,47853.0,1,48201.0,1,4,48200.0,1,2,48195.0,2,1,48193.0,1,2,48191.0,2,1,48213.0,1,1,48214.0,1,1,48215.0,1,1,48216.0,1,1,48217.0,1
True,full,58503687,48210.0,1,48198.39,3055,594,0.7460347313648047,2021-04-21 20:27:22,8380,8444,7951,2021-04-21 20:27:23,47933.0,48415.0,47915.0,47853.0,1,48205.0,1,1,48201.0,1,4,48200.0,1,2,48195.0,2,1,48193.0,1,5,48210.0,2,1,48212.0,1,2,48213.0,2,1,48214.0,1,1,48216.0,1
True,full,58503687,48210.0,1,48198.39,3055,594,0.7460347313648047,2021-04-21 20:27:22,8380,8444,7951,2021-04-21 20:27:26,47933.0,48415.0,47915.0,47853.0,1,48205.0,1,1,48201.0,1,4,48200.0,1,2,48195.0,2,1,48193.0,1,3,48209.0,2,5,48210.0,2,1,48212.0,1,2,48213.0,2,1,48214.0,1
True,full,58503687,48210.0,1,48198.39,3055,593,0.7460347313648047,2021-04-21 20:27:22,8380,8444,7951,2021-04-21 20:27:28,47933.0,48415.0,47915.0,47853.0,1,48205.0,1,4,48200.0,1,2,48195.0,2,1,48193.0,1,2,48191.0,2,2,48209.0,1,4,48210.0,1,1,48213.0,1,2,48214.0,2,1,48215.0,1
True,full,58503687,48205.0,1,48198.39,3056,592,0.7355860656594153,2021-04-21 20:27:34,8381,8444,7951,2021-04-21 20:27:36,47933.0,48415.0,47915.0,47853.0,4,48200.0,1,2,48195.0,2,1,48193.0,1,2,48191.0,2,1,48189.0,1,4,48210.0,1,1,48213.0,1,2,48214.0,2,1,48215.0,1,1,48217.0,1
True,full,58503687,48205.0,1,48198.39,3056,592,0.7355860656594153,2021-04-21 20:27:34,8381,8444,7951,2021-04-21 20:27:36,47933.0,48415.0,47915.0,47853.0,4,48200.0,1,2,48195.0,2,1,48193.0,1,2,48191.0,2,1,48188.0,1,4,48210.0,1,1,48213.0,1,1,48214.0,1,1,48216.0,1,2,48217.0,2
True,full,58503687,48205.0,1,48198.39,3056,592,0.7355860656594153,2021-04-21 20:27:34,8381,8444,7951,2021-04-21 20:27:38,47933.0,48415.0,47915.0,47853.0,4,48200.0,1,2,48195.0,2,1,48193.0,1,2,48191.0,2,1,48190.0,1,4,48210.0,1,2,48213.0,2,2,48214.0,2,2,48217.0,2,1,48218.0,1
True,full,58503687,48205.0,1,48198.39,3056,592,0.7355860656594153,2021-04-21 20:27:34,8381,8444,7951,2021-04-21 20:27:39,47933.0,48415.0,47915.0,47853.0,4,48200.0,1,2,48195.0,2,1,48193.0,1,2,48191.0,2,2,48188.0,2,4,48210.0,1,1,48213.0,1,1,48214.0,1,1,48216.0,1,2,48217.0,2
True,full,58503687,48205.0,1,48198.39,3056,592,0.7355860656594153,2021-04-21 20:27:34,8381,8444,7951,2021-04-21 20:27:50,47933.0,48415.0,47915.0,47853.0,4,48200.0,1,2,48195.0,2,1,48193.0,1,2,48191.0,2,6,48187.0,2,2,48205.0,2,1,48206.0,1,5,48208.0,2,2,48209.0,2,1,48210.0,1
True,full,58503687,48200.0,4,48198.39,3060,590,0.7251373999540258,2021-04-21 20:27:52,8381,8444,7951,2021-04-21 20:27:53,47933.0,48415.0,47915.0,47853.0,2,48195.0,2,1,48193.0,1,2,48191.0,2,1,48188.0,1,6,48187.0,2,1,48200.0,1,4,48208.0,1,1,48210.0,1,1,48213.0,1,1,48214.0,1
True,full,58503687,48200.0,4,48198.39,3060,591,0.7251373999540258,2021-04-21 20:27:52,8381,8444,7951,2021-04-21 20:27:54,47933.0,48415.0,47915.0,47853.0,2,48195.0,2,1,48193.0,1,2,48191.0,2,1,48188.0,1,6,48187.0,2,1,48200.0,1,4,48208.0,1,1,48210.0,1,1,48213.0,1,1,48214.0,1
True,full,58503687,48200.0,4,48198.39,3060,593,0.7251373999540258,2021-04-21 20:27:52,8381,8444,7951,2021-04-21 20:27:55,47933.0,48415.0,47915.0,47853.0,3,48195.0,3,1,48193.0,1,2,48191.0,2,1,48189.0,1,8,48187.0,4,1,48200.0,1,4,48208.0,1,1,48210.0,1,1,48213.0,1,1,48214.0,1
True,full,58503687,48200.0,4,48198.39,3060,593,0.7251373999540258,2021-04-21 20:27:52,8381,8444,7951,2021-04-21 20:27:57,47933.0,48415.0,47915.0,47853.0,3,48195.0,3,1,48193.0,1,2,48191.0,2,7,48187.0,3,2,48186.0,2,1,48200.0,1,4,48208.0,1,1,48210.0,1,1,48213.0,1,1,48214.0,1
True,full,58503687,48200.0,4,48198.39,3060,593,0.7251373999540258,2021-04-21 20:27:52,8381,8444,7951,2021-04-21 20:28:01,47933.0,48415.0,47915.0,47853.0,3,48195.0,3,1,48193.0,1,2,48191.0,2,1,48190.0,1,2,48188.0,2,1,48200.0,1,1,48210.0,1,1,48213.0,1,1,48214.0,1,2,48217.0,2
True,full,58503687,48200.0,4,48198.39,3060,594,0.7251373999540258,2021-04-21 20:27:52,8381,8444,7951,2021-04-21 20:28:04,47933.0,48415.0,47915.0,47853.0,1,48196.0,1,3,48195.0,3,1,48193.0,1,2,48191.0,2,1,48189.0,1,1,48200.0,1,6,48210.0,2,1,48213.0,1,1,48214.0,1,2,48217.0,2
True,full,58503687,48200.0,4,48198.39,3060,596,0.7251373999540258,2021-04-21 20:27:52,8381,8444,7951,2021-04-21 20:28:06,47933.0,48415.0,47915.0,47853.0,3,48196.0,3,3,48195.0,3,1,48193.0,1,2,48191.0,2,1,48190.0,1,1,48200.0,1,6,48210.0,2,1,48213.0,1,1,48214.0,1,1,48217.0,1
True,full,58503687,48200.0,1,48198.39,3061,592,0.7251373999540258,2021-04-21 20:28:13,8380,8444,7951,2021-04-21 20:28:16,47933.0,48415.0,47915.0,47853.0,1,48200.0,1,1,48195.0,1,1,48193.0,1,2,48191.0,2,1,48188.0,1,6,48209.0,2,6,48210.0,2,1,48211.0,1,1,48212.0,1,1,48213.0,1
True,full,58503687,48200.0,1,48198.39,3061,594,0.7251373999540258,2021-04-21 20:28:13,8380,8444,7951,2021-04-21 20:28:22,47933.0,48415.0,47915.0,47853.0,2,48201.0,2,3,48200.0,2,1,48195.0,1,1,48194.0,1,1,48193.0,1,5,48209.0,1,5,48210.0,1,1,48213.0,1,1,48214.0,1,1,48216.0,1
True,full,58503687,48200.0,1,48198.39,3061,592,0.7251373999540258,2021-04-21 20:28:13,8380,8444,7951,2021-04-21 20:28:24,47933.0,48415.0,47915.0,47853.0,1,48201.0,1,3,48200.0,2,1,48195.0,1,1,48193.0,1,2,48191.0,2,6,48209.0,2,5,48210.0,1,1,48211.0,1,1,48212.0,1,1,48213.0,1
True,full,58503687,48200.0,1,48198.39,3061,592,0.7251373999540258,2021-04-21 20:28:13,8380,8444,7951,2021-04-21 20:28:28,47933.0,48415.0,47915.0,47853.0,1,48201.0,1,3,48200.0,2,1,48195.0,1,1,48193.0,1,2,48191.0,2,2,48205.0,1,6,48209.0,2,5,48210.0,1,1,48213.0,1,1,48214.0,1
True,full,58503687,48200.0,1,48198.39,3061,593,0.7251373999540258,2021-04-21 20:28:13,8380,8444,7951,2021-04-21 20:28:32,47933.0,48415.0,47915.0,47853.0,2,48201.0,2,3,48200.0,2,1,48196.0,1,3,48195.0,3,2,48194.0,2,2,48205.0,1,6,48209.0,2,5,48210.0,1,1,48213.0,1,1,48214.0,1
True,full,58503687,48210.0,5,48198.43,3073,595,0.7460347313648047,2021-04-21 20:28:32,8377,8444,7951,2021-04-21 20:28:33,47933.0,48415.0,47915.0,47853.0,2,48204.0,2,1,48203.0,1,1,48201.0,1,3,48200.0,2,3,48195.0,3,2,48219.0,2,1,48220.0,1,2,48222.0,1,1,48223.0,1,2,48224.0,2
True,full,58503687,48210.0,5,48198.43,3073,597,0.7460347313648047,2021-04-21 20:28:32,8377,8444,7951,2021-04-21 20:28:37,47933.0,48415.0,47915.0,47853.0,4,48201.0,3,5,48200.0,4,2,48198.0,2,2,48196.0,2,2,48195.0,2,2,48213.0,1,2,48219.0,2,1,48220.0,1,2,48222.0,1,2,48224.0,2
True,full,58503687,48210.0,5,48198.43,3073,599,0.7460347313648047,2021-04-21 20:28:32,8377,8444,7951,2021-04-21 20:28:38,47933.0,48415.0,47915.0,47853.0,4,48201.0,3,5,48200.0,4,2,48198.0,2,2,48196.0,2,2,48195.0,2,2,48213.0,1,2,48219.0,2,1,48220.0,1,2,48222.0,1,1,48224.0,1
True,full,58503687,48211.0,1,48198.43,3074,603,0.7481244645058825,2021-04-21 20:28:46,8378,8444,7951,2021-04-21 20:28:50,47933.0,48415.0,47915.0,47853.0,3,48209.0,2,2,48207.0,2,1,48206.0,1,1,48205.0,1,1,48203.0,1,2,48213.0,1,2,48219.0,2,1,48220.0,1,2,48222.0,1,1,48224.0,1
True,full,58503687,48213.0,1,48198.44,3076,606,0.7523039307880384,2021-04-21 20:28:53,8377,8444,7951,2021-04-21 20:28:55,47933.0,48415.0,47915.0,47853.0,2,48210.0,2,4,48209.0,3,1,48207.0,1,1,48206.0,1,2,48205.0,2,1,48219.0,1,1,48220.0,1,2,48222.0,1,1,48224.0,1,3,48225.0,3
True,full,58503687,48213.0,1,48198.44,3076,606,0.7523039307880384,2021-04-21 20:28:53,8377,8444,7951,2021-04-21 20:28:56,47933.0,48415.0,47915.0,47853.0,3,48211.0,2,2,48210.0,2,1,48209.0,1,1,48207.0,1,3,48206.0,3,1,48219.0,1,1,48220.0,1,2,48222.0,1,1,48224.0,1,2,48225.0,2
True,full,58503687,48213.0,1,48198.44,3076,607,0.7523039307880384,2021-04-21 20:28:53,8377,8444,7951,2021-04-21 20:28:58,47933.0,48415.0,47915.0,47853.0,3,48212.0,2,2,48211.0,2,1,48210.0,1,1,48209.0,1,1,48208.0,1,1,48219.0,1,1,48220.0,1,2,48222.0,1,1,48224.0,1,2,48225.0,2
True,full,58503687,48213.0,1,48198.44,3076,605,0.7523039307880384,2021-04-21 20:28:53,8377,8444,7951,2021-04-21 20:29:01,47933.0,48415.0,47915.0,47853.0,2,48213.0,1,1,48210.0,1,1,48209.0,1,1,48207.0,1,1,48206.0,1,1,48219.0,1,1,48220.0,1,2,48222.0,1,1,48224.0,1,2,48225.0,2
True,full,58503687,48213.0,1,48198.44,3076,605,0.7523039307880384,2021-04-21 20:28:53,8377,8444,7951,2021-04-21 20:29:02,47933.0,48415.0,47915.0,47853.0,2,48213.0,1,1,48210.0,1,1,48209.0,1,1,48207.0,1,1,48206.0,1,1,48219.0,1,1,48220.0,1,2,48222.0,1,1,48224.0,1,2,48225.0,2
True,full,58503687,48219.0,1,48198.45,3077,605,0.7648423296345057,2021-04-21 20:29:11,8377,8444,7951,2021-04-21 20:29:14,47933.0,48415.0,47915.0,47853.0,3,48213.0,2,1,48210.0,1,1,48209.0,1,1,48207.0,1,1,48206.0,1,1,48219.0,1,1,48220.0,1,2,48222.0,1,1,48224.0,1,2,48225.0,2
True,full,58503687,48219.0,1,48198.45,3077,606,0.7648423296345057,2021-04-21 20:29:11,8377,8444,7951,2021-04-21 20:29:15,47933.0,48415.0,47915.0,47853.0,3,48213.0,2,1,48210.0,1,1,48209.0,1,1,48207.0,1,1,48206.0,1,1,48219.0,1,1,48220.0,1,2,48222.0,1,1,48224.0,1,2,48225.0,2
True,full,58503687,48219.0,1,48198.45,3077,605,0.7648423296345057,2021-04-21 20:29:11,8377,8444,7951,2021-04-21 20:29:18,47933.0,48415.0,47915.0,47853.0,2,48213.0,1,1,48210.0,1,1,48209.0,1,1,48207.0,1,1,48206.0,1,1,48219.0,1,1,48220.0,1,2,48222.0,1,1,48224.0,1,3,48225.0,3
True,full,58503687,48219.0,1,48198.46,3078,605,0.7648423296345057,2021-04-21 20:29:18,8377,8444,7951,2021-04-21 20:29:18,47933.0,48415.0,47915.0,47853.0,2,48213.0,1,1,48210.0,1,1,48209.0,1,1,48207.0,1,1,48206.0,1,1,48219.0,1,1,48220.0,1,2,48222.0,1,1,48224.0,1,3,48225.0,3
True,full,58503687,48219.0,1,48198.46,3078,601,0.7648423296345057,2021-04-21 20:29:18,8377,8444,7951,2021-04-21 20:29:22,47933.0,48415.0,47915.0,47853.0,2,48207.0,2,1,48206.0,1,2,48205.0,2,1,48203.0,1,1,48202.0,1,2,48219.0,2,1,48220.0,1,2,48222.0,1,2,48224.0,2,3,48225.0,3
True,full,58503687,48219.0,1,48198.46,3078,600,0.7648423296345057,2021-04-21 20:29:18,8377,8444,7951,2021-04-21 20:29:25,47933.0,48415.0,47915.0,47853.0,2,48208.0,1,2,48205.0,2,1,48203.0,1,1,48202.0,1,1,48201.0,1,2,48218.0,2,2,48219.0,2,1,48220.0,1,2,48222.0,1,1,48223.0,1
True,full,58503687,48215.0,1,48198.47,3080,600,0.7564833970701942,2021-04-21 20:29:33,8376,8444,7951,2021-04-21 20:29:35,47933.0,48415.0,47915.0,47853.0,1,48210.0,1,2,48205.0,2,1,48203.0,1,1,48202.0,1,2,48201.0,2,2,48218.0,2,1,48219.0,1,1,48220.0,1,2,48222.0,1,1,48224.0,1
True,full,58503687,48215.0,1,48198.47,3080,603,0.7564833970701942,2021-04-21 20:29:33,8376,8444,7951,2021-04-21 20:29:37,47933.0,48415.0,47915.0,47853.0,4,48210.0,4,3,48205.0,3,1,48203.0,1,1,48202.0,1,1,48201.0,1,1,48218.0,1,1,48220.0,1,2,48222.0,1,1,48224.0,1,2,48225.0,2
True,full,58503687,48215.0,1,48198.47,3080,609,0.7564833970701942,2021-04-21 20:29:33,8376,8444,7951,2021-04-21 20:29:48,47933.0,48415.0,47915.0,47853.0,3,48213.0,3,3,48211.0,2,3,48210.0,3,1,48207.0,1,1,48206.0,1,4,48219.0,2,1,48220.0,1,2,48222.0,1,1,48224.0,1,2,48225.0,2
True,full,58503687,48215.0,1,48198.47,3080,608,0.7564833970701942,2021-04-21 20:29:33,8376,8444,7951,2021-04-21 20:29:50,47933.0,48415.0,47915.0,47853.0,2,48213.0,2,3,48211.0,2,3,48210.0,3,1,48207.0,1,1,48206.0,1,4,48219.0,2,1,48220.0,1,2,48222.0,1,1,48224.0,1,2,48225.0,2
True,full,58503687,48215.0,1,48198.47,3080,609,0.7564833970701942,2021-04-21 20:29:33,8376,8444,7951,2021-04-21 20:29:50,47933.0,48415.0,47915.0,47853.0,3,48213.0,3,3,48211.0,2,3,48210.0,3,1,48207.0,1,1,48206.0,1,4,48219.0,2,1,48220.0,1,2,48222.0,1,1,48224.0,1,2,48225.0,2
True,full,58503687,48219.0,1,48198.47,3081,608,0.7648423296345057,2021-04-21 20:29:52,8376,8444,7951,2021-04-21 20:29:52,47933.0,48415.0,47915.0,47853.0,3,48213.0,3,3,48211.0,2,2,48210.0,2,1,48209.0,1,1,48207.0,1,4,48219.0,2,1,48220.0,1,2,48222.0,1,1,48224.0,1,2,48225.0,2
True,full,58503687,48222.0,1,48198.51,3087,608,0.7711115290577393,2021-04-21 20:29:55,8377,8444,7951,2021-04-21 20:29:57,47933.0,48415.0,47915.0,47853.0,3,48216.0,2,1,48215.0,1,1,48213.0,1,1,48211.0,1,4,48210.0,4,1,48222.0,1,1,48224.0,1,2,48225.0,2,1,48226.0,1,1,48234.0,1
