True,full,58604807,48300.0,1,48239.09,23,71,0.5621486570893192,2021-04-21 18:18:47,639,639,635,2021-04-21 18:23:32,48092.0,48360.0,48092.0,48030.0,3,48305.0,1,1,48301.0,1,2,48300.0,2,1,48255.0,1,10,48248.0,1,10,48361.0,1,1,48367.0,1,1,48377.0,1,1,48378.0,1,1,48379.0,1
True,full,58604807,48300.0,1,48239.09,23,71,0.5621486570893192,2021-04-21 18:18:47,639,639,635,2021-04-21 18:23:39,48092.0,48360.0,48092.0,48030.0,3,48305.0,1,1,48301.0,1,2,48300.0,2,1,48255.0,1,10,48248.0,1,10,48361.0,1,1,48367.0,1,1,48368.0,1,1,48377.0,1,1,48379.0,1
True,full,58604807,48300.0,1,48239.09,23,71,0.5621486570893192,2021-04-21 18:18:47,639,639,635,2021-04-21 18:23:45,48092.0,48360.0,48092.0,48030.0,3,48305.0,1,1,48301.0,1,2,48300.0,2,1,48255.0,1,10,48248.0,1,10,48361.0,1,1,48364.0,1,1,48368.0,1,1,48377.0,1,1,48379.0,1
True,full,58604807,48300.0,1,48239.09,23,71,0.5621486570893192,2021-04-21 18:18:47,639,639,635,2021-04-21 18:23:47,48092.0,48360.0,48092.0,48030.0,3,48305.0,1,1,48301.0,1,2,48300.0,2,1,48255.0,1,10,48248.0,1,10,48361.0,1,1,48364.0,1,1,48367.0,1,1,48368.0,1,1,48376.0,1
True,full,58604807,48300.0,1,48239.09,23,71,0.5621486570893192,2021-04-21 18:18:47,639,639,635,2021-04-21 18:24:16,48092.0,48360.0,48092.0,48030.0,3,48305.0,1,1,48301.0,1,2,48300.0,2,1,48255.0,1,10,48248.0,1,10,48359.0,1,1,48360.0,1,1,48361.0,1,1,48367.0,1,1,48376.0,1
True,full,58604807,48300.0,1,48239.09,23,71,0.5621486570893192,2021-04-21 18:18:47,639,639,635,2021-04-21 18:24:52,48092.0,48360.0,48092.0,48030.0,3,48305.0,1,1,48301.0,1,2,48300.0,2,1,48255.0,1,10,48250.0,1,10,48357.0,1,1,48364.0,1,1,48374.0,1,1,48375.0,1,1,48376.0,1
True,full,58604807,48300.0,1,48239.09,23,71,0.5621486570893192,2021-04-21 18:18:47,639,639,635,2021-04-21 18:24:59,48092.0,48360.0,48092.0,48030.0,3,48305.0,1,1,48301.0,1,2,48300.0,2,1,48255.0,1,10,48247.0,1,10,48357.0,1,1,48364.0,1,1,48374.0,1,1,48375.0,1,1,48376.0,1
True,full,58604807,48300.0,1,48239.09,23,71,0.5621486570893192,2021-04-21 18:18:47,639,639,635,2021-04-21 18:25:04,48092.0,48360.0,48092.0,48030.0,3,48305.0,1,1,48301.0,1,2,48300.0,2,1,48255.0,1,10,48250.0,1,10,48357.0,1,1,48363.0,1,1,48364.0,1,1,48375.0,1,1,48376.0,1
True,full,58604807,48300.0,1,48239.09,23,71,0.5621486570893192,2021-04-21 18:18:47,639,639,635,2021-04-21 18:26:17,48092.0,48360.0,48092.0,48030.0,3,48305.0,1,1,48301.0,1,2,48300.0,2,1,48265.0,1,10,48248.0,1,10,48357.0,1,1,48364.0,1,1,48366.0,1,1,48367.0,1,1,48375.0,1
True,full,58604807,48300.0,1,48239.09,23,71,0.5621486570893192,2021-04-21 18:18:47,639,639,635,2021-04-21 18:26:22,48092.0,48360.0,48092.0,48030.0,3,48305.0,1,1,48301.0,1,2,48300.0,2,1,48265.0,1,10,48247.0,1,10,48357.0,1,1,48363.0,1,1,48366.0,1,1,48367.0,1,1,48375.0,1
True,full,58604807,48300.0,1,48239.09,23,71,0.5621486570893192,2021-04-21 18:18:47,639,639,635,2021-04-21 18:26:28,48092.0,48360.0,48092.0,48030.0,3,48305.0,1,1,48301.0,1,2,48300.0,2,1,48265.0,1,10,48250.0,1,10,48357.0,1,1,48363.0,1,1,48366.0,1,1,48367.0,1,1,48375.0,1
True,full,58604807,48300.0,1,48239.09,23,71,0.5621486570893192,2021-04-21 18:18:47,639,639,635,2021-04-21 18:26:33,48092.0,48360.0,48092.0,48030.0,3,48305.0,1,1,48301.0,1,2,48300.0,2,1,48265.0,1,10,48251.0,1,10,48357.0,1,1,48363.0,1,1,48366.0,1,1,48367.0,1,1,48375.0,1
True,full,58604807,48300.0,1,48239.09,23,71,0.5621486570893192,2021-04-21 18:18:47,639,639,635,2021-04-21 18:26:40,48092.0,48360.0,48092.0,48030.0,3,48305.0,1,3,48300.0,3,1,48265.0,1,10,48252.0,1,1,48240.0,1,10,48357.0,1,1,48363.0,1,1,48366.0,1,1,48367.0,1,1,48375.0,1
True,full,58604807,48300.0,1,48239.09,23,71,0.5621486570893192,2021-04-21 18:18:47,639,639,635,2021-04-21 18:27:02,48092.0,48360.0,48092.0,48030.0,3,48305.0,1,3,48300.0,3,1,48265.0,1,10,48246.0,1,1,48240.0,1,10,48357.0,1,1,48361.0,1,1,48363.0,1,1,48367.0,1,1,48375.0,1
True,full,58604807,48300.0,1,48239.09,23,71,0.5621486570893192,2021-04-21 18:18:47,639,639,635,2021-04-21 18:27:04,48092.0,48360.0,48092.0,48030.0,3,48305.0,1,3,48300.0,3,1,48265.0,1,10,48246.0,1,1,48240.0,1,10,48357.0,1,1,48361.0,1,1,48362.0,1,1,48363.0,1,1,48375.0,1
True,full,58604807,48300.0,1,48239.09,23,71,0.5621486570893192,2021-04-21 18:18:47,639,639,635,2021-04-21 18:27:14,48092.0,48360.0,48092.0,48030.0,3,48305.0,1,3,48300.0,3,1,48265.0,1,10,48246.0,1,1,48240.0,1,10,48357.0,1,1,48359.0,1,1,48362.0,1,1,48363.0,1,1,48375.0,1
True,full,58604807,48300.0,1,48239.09,23,71,0.5621486570893192,2021-04-21 18:18:47,639,639,635,2021-04-21 18:27:18,48092.0,48360.0,48092.0,48030.0,3,48305.0,1,3,48300.0,3,1,48265.0,1,10,48246.0,1,1,48240.0,1,10,48357.0,1,1,48360.0,1,1,48362.0,1,1,48363.0,1,1,48375.0,1
True,full,58604807,48300.0,1,48239.09,23,71,0.5621486570893192,2021-04-21 18:18:47,639,639,635,2021-04-21 18:27:36,48092.0,48360.0,48092.0,48030.0,3,48305.0,1,3,48300.0,3,1,48265.0,1,10,48242.0,1,1,48240.0,1,10,48354.0,1,1,48355.0,1,1,48358.0,1,1,48363.0,1,1,48375.0,1
True,full,58604807,48300.0,1,48239.09,23,71,0.5621486570893192,2021-04-21 18:18:47,639,639,635,2021-04-21 18:28:01,48092.0,48360.0,48092.0,48030.0,3,48305.0,1,3,48300.0,3,1,48265.0,1,1,48240.0,1,10,48236.0,1,10,48354.0,1,1,48356.0,1,1,48358.0,1,1,48374.0,1,1,48375.0,1
True,full,58604807,48300.0,1,48239.09,23,71,0.5621486570893192,2021-04-21 18:18:47,639,639,635,2021-04-21 18:28:07,48092.0,48360.0,48092.0,48030.0,3,48305.0,1,3,48300.0,3,1,48265.0,1,1,48240.0,1,10,48236.0,1,10,48354.0,1,1,48357.0,1,1,48358.0,1,1,48374.0,1,1,48375.0,1
True,full,58604807,48300.0,1,48239.09,23,71,0.5621486570893192,2021-04-21 18:18:47,639,639,635,2021-04-21 18:28:27,48092.0,48360.0,48092.0,48030.0,3,48305.0,1,1,48301.0,1,2,48300.0,2,1,48265.0,1,1,48240.0,1,10,48354.0,1,1,48359.0,1,1,48367.0,1,1,48368.0,1,1,48388.0,1
True,full,58604807,48530.0,1,48401.71,59,86,1.0410160316468873,2021-04-21 20:09:01,637,641,631,2021-04-21 20:10:52,48092.0,48590.0,48092.0,48030.0,1,48478.0,1,1,48474.0,1,2,48472.0,1,2,48467.0,2,10,48426.0,1,8,48529.0,1,1,48530.0,1,2,48538.0,1,1,48539.0,1,1,48543.0,1
True,full,58604807,48530.0,1,48401.71,59,86,1.0410160316468873,2021-04-21 20:09:01,637,641,631,2021-04-21 20:10:55,48092.0,48590.0,48092.0,48030.0,1,48472.0,1,1,48470.0,1,2,48468.0,1,1,48463.0,1,1,48462.0,1,8,48529.0,1,1,48530.0,1,2,48537.0,1,2,48540.0,2,10,48571.0,1
True,full,58604807,48530.0,1,48401.71,59,86,1.0410160316468873,2021-04-21 20:09:01,637,641,631,2021-04-21 20:11:29,48092.0,48590.0,48092.0,48030.0,1,48468.0,1,1,48465.0,1,2,48463.0,1,2,48458.0,2,10,48409.0,1,8,48528.0,1,1,48530.0,1,3,48531.0,2,10,48561.0,1,3,48599.0,1
True,full,58604807,48530.0,1,48401.71,59,86,1.0410160316468873,2021-04-21 20:09:01,637,641,631,2021-04-21 20:11:32,48092.0,48590.0,48092.0,48030.0,1,48468.0,1,1,48465.0,1,2,48464.0,1,2,48458.0,2,10,48412.0,1,8,48528.0,1,1,48530.0,1,3,48531.0,2,10,48561.0,1,3,48599.0,1
True,full,58604807,48530.0,1,48401.71,59,86,1.0410160316468873,2021-04-21 20:09:01,637,641,631,2021-04-21 20:11:33,48092.0,48590.0,48092.0,48030.0,1,48474.0,1,1,48471.0,1,2,48469.0,1,2,48464.0,2,10,48412.0,1,8,48528.0,1,1,48530.0,1,3,48531.0,2,10,48561.0,1,3,48599.0,1
True,full,58604807,48530.0,1,48401.71,59,86,1.0410160316468873,2021-04-21 20:09:01,637,641,631,2021-04-21 20:11:49,48092.0,48590.0,48092.0,48030.0,1,48478.0,1,1,48476.0,1,2,48474.0,1,2,48469.0,2,10,48424.0,1,8,48528.0,1,3,48538.0,2,1,48541.0,1,10,48570.0,1,1,48600.0,1
True,full,58604807,48530.0,1,48401.71,59,86,1.0410160316468873,2021-04-21 20:09:01,637,641,631,2021-04-21 20:11:50,48092.0,48590.0,48092.0,48030.0,1,48478.0,1,1,48476.0,1,2,48474.0,1,2,48469.0,2,10,48424.0,1,8,48528.0,1,2,48537.0,1,1,48538.0,1,1,48541.0,1,10,48570.0,1
True,full,58604807,48530.0,1,48401.71,59,87,1.0410160316468873,2021-04-21 20:09:01,637,641,631,2021-04-21 20:12:14,48092.0,48590.0,48092.0,48030.0,1,48484.0,1,1,48481.0,1,2,48479.0,1,2,48474.0,2,10,48429.0,1,8,48535.0,1,1,48538.0,1,1,48541.0,1,2,48542.0,1,1,48580.0,1
True,full,58604807,48530.0,1,48401.71,59,87,1.0410160316468873,2021-04-21 20:09:01,637,641,631,2021-04-21 20:12:19,48092.0,48590.0,48092.0,48030.0,1,48482.0,1,1,48479.0,1,2,48477.0,1,2,48472.0,2,1,48430.0,1,8,48535.0,1,1,48538.0,1,2,48539.0,1,1,48541.0,1,10,48581.0,1
True,full,58604807,48530.0,1,48401.71,59,87,1.0410160316468873,2021-04-21 20:09:01,637,641,631,2021-04-21 20:12:21,48092.0,48590.0,48092.0,48030.0,1,48485.0,1,2,48480.0,1,1,48479.0,1,2,48472.0,2,1,48430.0,1,8,48535.0,1,1,48538.0,1,1,48541.0,1,2,48542.0,1,10,48581.0,1
True,full,58604807,48530.0,1,48401.71,59,87,1.0410160316468873,2021-04-21 20:09:01,637,641,631,2021-04-21 20:13:16,48092.0,48590.0,48092.0,48030.0,1,48479.0,1,1,48476.0,1,2,48474.0,1,2,48469.0,2,1,48430.0,1,1,48530.0,1,8,48533.0,1,3,48538.0,2,1,48574.0,1,10,48579.0,1
True,full,58604807,48530.0,1,48401.71,59,87,1.0410160316468873,2021-04-21 20:09:01,637,641,631,2021-04-21 20:13:41,48092.0,48590.0,48092.0,48030.0,1,48476.0,1,1,48474.0,1,2,48472.0,1,1,48467.0,1,1,48466.0,1,1,48530.0,1,8,48533.0,1,2,48539.0,1,2,48578.0,2,10,48579.0,1
True,full,58604807,48530.0,1,48401.71,59,87,1.0410160316468873,2021-04-21 20:09:01,637,641,631,2021-04-21 20:13:51,48092.0,48590.0,48092.0,48030.0,1,48476.0,1,1,48474.0,1,2,48472.0,1,1,48467.0,1,1,48466.0,1,1,48530.0,1,9,48533.0,2,1,48535.0,1,2,48536.0,1,10,48579.0,1
True,full,58604807,48530.0,1,48401.71,59,87,1.0410160316468873,2021-04-21 20:09:01,637,641,631,2021-04-21 20:15:00,48092.0,48590.0,48092.0,48030.0,1,48466.0,1,1,48463.0,1,2,48461.0,1,2,48456.0,2,1,48432.0,1,8,48522.0,1,2,48527.0,1,2,48529.0,2,1,48530.0,1,10,48566.0,1
True,full,58604807,48530.0,1,48401.71,59,87,1.0410160316468873,2021-04-21 20:09:01,637,641,631,2021-04-21 20:15:21,48092.0,48590.0,48092.0,48030.0,1,48466.0,1,1,48463.0,1,2,48461.0,1,2,48456.0,2,1,48432.0,1,8,48521.0,1,2,48525.0,1,1,48528.0,1,1,48529.0,1,1,48530.0,1
True,full,58604807,48530.0,1,48401.71,59,87,1.0410160316468873,2021-04-21 20:09:01,637,641,631,2021-04-21 20:15:24,48092.0,48590.0,48092.0,48030.0,1,48466.0,1,1,48462.0,1,2,48460.0,1,2,48455.0,2,1,48432.0,1,8,48521.0,1,1,48528.0,1,3,48530.0,2,1,48562.0,1,10,48563.0,1
True,full,58604807,48530.0,1,48401.71,59,87,1.0410160316468873,2021-04-21 20:09:01,637,641,631,2021-04-21 20:15:37,48092.0,48590.0,48092.0,48030.0,1,48466.0,1,1,48464.0,1,2,48462.0,1,2,48457.0,2,1,48432.0,1,8,48521.0,1,1,48530.0,1,3,48531.0,2,1,48532.0,1,10,48565.0,1
True,full,58604807,48530.0,1,48401.71,59,87,1.0410160316468873,2021-04-21 20:09:01,637,641,631,2021-04-21 20:15:40,48092.0,48590.0,48092.0,48030.0,1,48468.0,1,1,48465.0,1,2,48463.0,1,2,48458.0,2,1,48432.0,1,8,48521.0,1,1,48530.0,1,2,48535.0,2,2,48536.0,1,10,48566.0,1
True,full,58604807,48530.0,1,48401.71,59,87,1.0410160316468873,2021-04-21 20:09:01,637,641,631,2021-04-21 20:15:44,48092.0,48590.0,48092.0,48030.0,1,48468.0,1,1,48465.0,1,2,48463.0,1,2,48458.0,2,1,48432.0,1,8,48521.0,1,1,48530.0,1,2,48535.0,2,2,48536.0,1,10,48566.0,1
True,full,58604807,48530.0,1,48401.71,59,87,1.0410160316468873,2021-04-21 20:09:01,637,641,631,2021-04-21 20:15:44,48092.0,48590.0,48092.0,48030.0,1,48468.0,1,1,48465.0,1,2,48463.0,1,2,48458.0,2,1,48432.0,1,8,48521.0,1,1,48530.0,1,2,48532.0,1,2,48535.0,2,10,48566.0,1
True,full,58604807,48530.0,1,48401.71,59,87,1.0410160316468873,2021-04-21 20:09:01,637,641,631,2021-04-21 20:15:50,48092.0,48590.0,48092.0,48030.0,1,48468.0,1,1,48465.0,1,2,48463.0,1,2,48458.0,2,1,48432.0,1,8,48521.0,1,2,48529.0,1,2,48530.0,2,1,48531.0,1,10,48566.0,1
True,full,58604807,48530.0,1,48401.71,59,87,1.0410160316468873,2021-04-21 20:09:01,637,641,631,2021-04-21 20:15:57,48092.0,48590.0,48092.0,48030.0,1,48470.0,1,1,48467.0,1,2,48465.0,1,2,48460.0,2,1,48432.0,1,8,48521.0,1,2,48529.0,1,2,48530.0,2,1,48531.0,1,10,48566.0,1
True,full,58604807,48530.0,1,48401.71,59,88,1.0410160316468873,2021-04-21 20:09:01,637,641,631,2021-04-21 20:15:58,48092.0,48590.0,48092.0,48030.0,1,48470.0,1,1,48467.0,1,2,48465.0,1,2,48460.0,2,1,48432.0,1,8,48521.0,1,2,48529.0,1,2,48530.0,2,1,48531.0,1,10,48566.0,1
True,full,58604807,48530.0,1,48401.71,59,88,1.0410160316468873,2021-04-21 20:09:01,637,641,631,2021-04-21 20:16:00,48092.0,48590.0,48092.0,48030.0,1,48470.0,1,1,48467.0,1,2,48465.0,1,2,48460.0,2,1,48432.0,1,8,48521.0,1,2,48530.0,2,3,48531.0,2,10,48566.0,1,3,48599.0,1
True,full,58604807,48530.0,1,48401.71,59,88,1.0410160316468873,2021-04-21 20:09:01,637,641,631,2021-04-21 20:16:06,48092.0,48590.0,48092.0,48030.0,1,48470.0,1,1,48467.0,1,2,48465.0,1,2,48460.0,2,1,48432.0,1,8,48521.0,1,2,48529.0,1,2,48530.0,2,1,48531.0,1,10,48566.0,1
True,full,58604807,48530.0,1,48401.71,59,88,1.0410160316468873,2021-04-21 20:09:01,637,641,631,2021-04-21 20:16:10,48092.0,48590.0,48092.0,48030.0,1,48470.0,1,1,48467.0,1,2,48465.0,1,2,48460.0,2,1,48432.0,1,8,48521.0,1,2,48530.0,2,3,48531.0,2,10,48566.0,1,3,48599.0,1
True,full,58604807,48530.0,1,48401.71,59,88,1.0410160316468873,2021-04-21 20:09:01,637,641,631,2021-04-21 20:16:12,48092.0,48590.0,48092.0,48030.0,1,48470.0,1,1,48467.0,1,2,48465.0,1,2,48460.0,2,1,48432.0,1,8,48521.0,1,2,48529.0,1,2,48530.0,2,1,48531.0,1,10,48566.0,1
True,full,58604807,48530.0,1,48401.71,59,88,1.0410160316468873,2021-04-21 20:09:01,637,641,631,2021-04-21 20:16:19,48092.0,48590.0,48092.0,48030.0,1,48470.0,1,1,48467.0,1,2,48465.0,1,2,48460.0,2,1,48432.0,1,8,48521.0,1,2,48529.0,1,2,48530.0,2,1,48531.0,1,10,48566.0,1
True,full,58604807,48530.0,1,48401.71,59,88,1.0410160316468873,2021-04-21 20:09:01,637,641,631,2021-04-21 20:16:24,48092.0,48590.0,48092.0,48030.0,1,48470.0,1,1,48467.0,1,2,48465.0,1,2,48460.0,2,1,48432.0,1,8,48521.0,1,2,48530.0,2,3,48531.0,2,10,48566.0,1,3,48599.0,1
True,full,58604807,48530.0,1,48401.71,59,88,1.0410160316468873,2021-04-21 20:09:01,637,641,631,2021-04-21 20:16:25,48092.0,48590.0,48092.0,48030.0,1,48470.0,1,1,48467.0,1,2,48465.0,1,2,48460.0,2,1,48432.0,1,8,48521.0,1,2,48529.0,1,2,48530.0,2,1,48531.0,1,10,48566.0,1
True,full,58604807,48530.0,1,48401.71,59,88,1.0410160316468873,2021-04-21 20:09:01,637,641,631,2021-04-21 20:16:26,48092.0,48590.0,48092.0,48030.0,1,48470.0,1,1,48467.0,1,2,48465.0,1,2,48460.0,2,1,48432.0,1,8,48521.0,1,2,48529.0,1,2,48530.0,2,1,48531.0,1,10,48566.0,1
True,full,58604807,48530.0,1,48401.71,59,88,1.0410160316468873,2021-04-21 20:09:01,637,641,631,2021-04-21 20:16:28,48092.0,48590.0,48092.0,48030.0,1,48470.0,1,1,48467.0,1,2,48465.0,1,2,48460.0,2,1,48432.0,1,8,48521.0,1,2,48530.0,2,3,48531.0,2,10,48566.0,1,3,48599.0,1
True,full,58604807,48530.0,1,48401.71,59,88,1.0410160316468873,2021-04-21 20:09:01,637,641,631,2021-04-21 20:16:31,48092.0,48590.0,48092.0,48030.0,1,48470.0,1,1,48467.0,1,2,48465.0,1,2,48460.0,2,1,48432.0,1,8,48521.0,1,2,48529.0,1,2,48530.0,2,1,48531.0,1,10,48566.0,1
True,full,58604807,48530.0,1,48401.71,59,88,1.0410160316468873,2021-04-21 20:09:01,637,641,631,2021-04-21 20:16:33,48092.0,48590.0,48092.0,48030.0,1,48470.0,1,1,48467.0,1,2,48465.0,1,2,48460.0,2,1,48432.0,1,8,48521.0,1,2,48529.0,1,2,48530.0,2,1,48531.0,1,10,48566.0,1
True,full,58604807,48530.0,1,48401.71,59,88,1.0410160316468873,2021-04-21 20:09:01,637,641,631,2021-04-21 20:16:34,48092.0,48590.0,48092.0,48030.0,1,48470.0,1,1,48467.0,1,2,48465.0,1,2,48460.0,2,1,48432.0,1,8,48521.0,1,2,48530.0,2,3,48531.0,2,10,48566.0,1,3,48599.0,1
True,full,58604807,48530.0,1,48401.71,59,88,1.0410160316468873,2021-04-21 20:09:01,637,641,631,2021-04-21 20:16:34,48092.0,48590.0,48092.0,48030.0,1,48470.0,1,1,48467.0,1,2,48465.0,1,2,48460.0,2,1,48432.0,1,8,48521.0,1,1,48530.0,1,2,48532.0,1,2,48565.0,2,10,48566.0,1
True,full,58604807,48530.0,1,48401.71,59,88,1.0410160316468873,2021-04-21 20:09:01,637,641,631,2021-04-21 20:16:39,48092.0,48590.0,48092.0,48030.0,1,48470.0,1,1,48467.0,1,2,48465.0,1,2,48460.0,2,1,48432.0,1,8,48521.0,1,1,48530.0,1,1,48534.0,1,1,48535.0,1,2,48536.0,1
True,full,58604807,48530.0,1,48401.71,59,88,1.0410160316468873,2021-04-21 20:09:01,637,641,631,2021-04-21 20:16:44,48092.0,48590.0,48092.0,48030.0,1,48470.0,1,1,48467.0,1,2,48465.0,1,2,48460.0,2,1,48432.0,1,8,48521.0,1,1,48530.0,1,1,48534.0,1,3,48535.0,2,10,48566.0,1
True,full,58604807,48530.0,1,48401.71,59,88,1.0410160316468873,2021-04-21 20:09:01,637,641,631,2021-04-21 20:16:45,48092.0,48590.0,48092.0,48030.0,1,48470.0,1,1,48467.0,1,2,48465.0,1,2,48460.0,2,1,48432.0,1,8,48521.0,1,1,48530.0,1,1,48534.0,1,1,48535.0,1,2,48536.0,1
True,full,58604807,48530.0,1,48401.71,59,88,1.0410160316468873,2021-04-21 20:09:01,637,641,631,2021-04-21 20:16:46,48092.0,48590.0,48092.0,48030.0,1,48470.0,1,1,48467.0,1,2,48465.0,1,2,48460.0,2,1,48432.0,1,8,48521.0,1,1,48530.0,1,1,48534.0,1,1,48535.0,1,2,48536.0,1
True,full,58604807,48530.0,1,48401.71,59,88,1.0410160316468873,2021-04-21 20:09:01,637,641,631,2021-04-21 20:17:00,48092.0,48590.0,48092.0,48030.0,1,48466.0,1,1,48463.0,1,2,48461.0,1,2,48456.0,2,1,48410.0,1,8,48521.0,1,2,48527.0,1,1,48528.0,1,1,48529.0,1,1,48530.0,1
True,full,58604807,48530.0,1,48401.71,59,88,1.0410160316468873,2021-04-21 20:09:01,637,641,631,2021-04-21 20:17:00,48092.0,48590.0,48092.0,48030.0,1,48466.0,1,1,48463.0,1,2,48461.0,1,2,48456.0,2,1,48410.0,1,8,48521.0,1,2,48524.0,1,1,48525.0,1,1,48526.0,1,1,48530.0,1
True,full,58604807,48530.0,1,48401.71,59,88,1.0410160316468873,2021-04-21 20:09:01,637,641,631,2021-04-21 20:17:18,48092.0,48590.0,48092.0,48030.0,1,48442.0,1,1,48436.0,1,1,48435.0,1,2,48431.0,1,1,48417.0,1,8,48493.0,1,2,48494.0,1,1,48496.0,1,1,48502.0,1,10,48525.0,1
True,full,58604807,48530.0,1,48401.71,59,88,1.0410160316468873,2021-04-21 20:09:01,637,641,631,2021-04-21 20:17:18,48092.0,48590.0,48092.0,48030.0,1,48436.0,1,1,48433.0,1,2,48431.0,1,2,48426.0,2,1,48418.0,1,8,48493.0,1,2,48494.0,1,1,48496.0,1,1,48502.0,1,10,48525.0,1
True,full,58604807,48530.0,1,48401.71,59,88,1.0410160316468873,2021-04-21 20:09:01,637,641,631,2021-04-21 20:17:20,48092.0,48590.0,48092.0,48030.0,1,48436.0,1,1,48433.0,1,2,48431.0,1,2,48426.0,2,1,48418.0,1,8,48493.0,1,2,48494.0,1,2,48496.0,2,10,48525.0,1,1,48530.0,1
True,full,58604807,48530.0,1,48401.71,59,88,1.0410160316468873,2021-04-21 20:09:01,637,641,631,2021-04-21 20:17:22,48092.0,48590.0,48092.0,48030.0,1,48436.0,1,1,48433.0,1,2,48431.0,1,2,48426.0,2,1,48418.0,1,8,48492.0,1,2,48493.0,1,2,48496.0,2,10,48525.0,1,1,48530.0,1
True,full,58604807,48530.0,1,48401.71,59,88,1.0410160316468873,2021-04-21 20:09:01,637,641,631,2021-04-21 20:17:53,48092.0,48590.0,48092.0,48030.0,1,48419.0,1,1,48416.0,1,2,48414.0,1,2,48409.0,2,2,48400.0,2,8,48477.0,1,2,48478.0,1,1,48480.0,1,1,48481.0,1,10,48511.0,1
True,full,58604807,48530.0,1,48401.71,59,88,1.0410160316468873,2021-04-21 20:09:01,637,641,631,2021-04-21 20:18:16,48092.0,48590.0,48092.0,48030.0,1,48416.0,1,1,48413.0,1,2,48411.0,1,2,48406.0,2,1,48401.0,1,8,48472.0,1,2,48475.0,1,1,48477.0,1,1,48478.0,1,10,48506.0,1
True,full,58604807,48530.0,1,48401.71,59,88,1.0410160316468873,2021-04-21 20:09:01,637,641,631,2021-04-21 20:18:36,48092.0,48590.0,48092.0,48030.0,1,48419.0,1,1,48417.0,1,2,48415.0,1,1,48410.0,1,1,48409.0,1,8,48472.0,1,2,48475.0,1,1,48477.0,1,1,48478.0,1,10,48515.0,1
True,full,58604807,48530.0,1,48401.71,59,88,1.0410160316468873,2021-04-21 20:09:01,637,641,631,2021-04-21 20:18:42,48092.0,48590.0,48092.0,48030.0,1,48420.0,1,1,48417.0,1,2,48415.0,1,2,48410.0,2,1,48401.0,1,8,48472.0,1,2,48475.0,1,1,48477.0,1,1,48478.0,1,10,48515.0,1
True,full,58604807,48530.0,1,48401.71,59,87,1.0410160316468873,2021-04-21 20:09:01,637,641,631,2021-04-21 20:18:50,48092.0,48590.0,48092.0,48030.0,1,48424.0,1,3,48422.0,2,1,48417.0,1,1,48412.0,1,1,48400.0,1,8,48472.0,1,2,48475.0,1,1,48477.0,1,1,48478.0,1,10,48515.0,1
True,full,58604807,48452.0,1,48403.25,63,87,0.878617530709973,2021-04-21 20:20:16,636,641,631,2021-04-21 20:21:12,48092.0,48590.0,48092.0,48030.0,1,48372.0,1,1,48369.0,1,2,48367.0,1,2,48362.0,2,1,48356.0,1,10,48414.0,1,3,48433.0,2,1,48448.0,1,1,48450.0,1,9,48458.0,1
True,full,58604807,48452.0,1,48403.25,63,77,0.878617530709973,2021-04-21 20:20:16,636,641,631,2021-04-21 20:21:16,48092.0,48590.0,48092.0,48030.0,1,48379.0,1,1,48376.0,1,2,48374.0,1,2,48369.0,2,1,48356.0,1,10,48414.0,1,2,48439.0,1,1,48450.0,1,9,48458.0,1,3,48508.0,1
True,full,58604807,48452.0,1,48403.25,63,87,0.878617530709973,2021-04-21 20:20:16,636,641,631,2021-04-21 20:21:34,48092.0,48590.0,48092.0,48030.0,1,48379.0,1,1,48376.0,1,2,48374.0,1,2,48369.0,2,1,48356.0,1,10,48414.0,1,2,48442.0,1,1,48450.0,1,9,48459.0,1,3,48511.0,1
True,full,58604807,48452.0,1,48403.25,63,87,0.878617530709973,2021-04-21 20:20:16,636,641,631,2021-04-21 20:21:42,48092.0,48590.0,48092.0,48030.0,1,48377.0,1,1,48375.0,1,2,48373.0,1,1,48368.0,1,1,48367.0,1,10,48414.0,1,2,48433.0,1,1,48449.0,1,1,48450.0,1,9,48459.0,1
True,full,58604807,48452.0,1,48403.25,63,87,0.878617530709973,2021-04-21 20:20:16,636,641,631,2021-04-21 20:21:50,48092.0,48590.0,48092.0,48030.0,1,48385.0,1,1,48382.0,1,2,48381.0,1,2,48375.0,2,1,48370.0,1,10,48424.0,1,1,48441.0,1,3,48442.0,2,1,48450.0,1,9,48470.0,1
True,full,58604807,48452.0,1,48403.25,63,87,0.878617530709973,2021-04-21 20:20:16,636,641,631,2021-04-21 20:21:54,48092.0,48590.0,48092.0,48030.0,1,48403.0,1,1,48400.0,1,2,48398.0,1,2,48393.0,2,1,48383.0,1,10,48442.0,1,1,48450.0,1,2,48463.0,1,9,48488.0,1,1,48530.0,1
True,full,58604807,48452.0,1,48403.25,63,87,0.878617530709973,2021-04-21 20:20:16,636,641,631,2021-04-21 20:22:10,48092.0,48590.0,48092.0,48030.0,1,48389.0,1,1,48386.0,1,2,48384.0,1,2,48379.0,2,1,48354.0,1,10,48442.0,1,2,48450.0,2,3,48451.0,2,9,48478.0,1,3,48519.0,1
True,full,58604807,48452.0,1,48403.25,63,87,0.878617530709973,2021-04-21 20:20:16,636,641,631,2021-04-21 20:22:32,48092.0,48590.0,48092.0,48030.0,1,48395.0,1,1,48392.0,1,2,48391.0,1,2,48385.0,2,1,48380.0,1,10,48439.0,1,1,48440.0,1,2,48449.0,1,2,48450.0,2,9,48478.0,1
True,full,58604807,48452.0,1,48403.25,63,92,0.878617530709973,2021-04-21 20:20:16,636,641,631,2021-04-21 20:22:46,48092.0,48590.0,48092.0,48030.0,1,48395.0,1,1,48392.0,1,2,48390.0,1,2,48385.0,2,1,48380.0,1,10,48439.0,1,2,48448.0,1,3,48450.0,3,9,48470.0,1,3,48518.0,1
True,full,58604807,48452.0,1,48403.25,63,92,0.878617530709973,2021-04-21 20:20:16,636,641,631,2021-04-21 20:22:56,48092.0,48590.0,48092.0,48030.0,1,48393.0,1,1,48390.0,1,2,48388.0,1,2,48383.0,2,1,48354.0,1,10,48439.0,1,2,48449.0,1,2,48450.0,2,1,48475.0,1,9,48476.0,1
True,full,58604807,48452.0,1,48403.25,63,92,0.878617530709973,2021-04-21 20:20:16,636,641,631,2021-04-21 20:23:01,48092.0,48590.0,48092.0,48030.0,1,48395.0,1,1,48393.0,1,2,48391.0,1,1,48386.0,1,1,48385.0,1,10,48439.0,1,2,48449.0,1,2,48450.0,2,1,48475.0,1,9,48476.0,1
True,full,58604807,48452.0,1,48403.25,63,82,0.878617530709973,2021-04-21 20:20:16,636,641,631,2021-04-21 20:23:05,48092.0,48590.0,48092.0,48030.0,1,48395.0,1,1,48393.0,1,2,48391.0,1,1,48386.0,1,1,48385.0,1,10,48439.0,1,2,48443.0,1,2,48446.0,2,1,48450.0,1,9,48465.0,1
True,full,58604807,48452.0,1,48403.25,63,92,0.878617530709973,2021-04-21 20:20:16,636,641,631,2021-04-21 20:23:06,48092.0,48590.0,48092.0,48030.0,1,48390.0,1,1,48387.0,1,2,48385.0,1,2,48380.0,2,1,48354.0,1,10,48439.0,1,2,48443.0,1,2,48446.0,2,1,48450.0,1,9,48465.0,1
True,full,58604807,48452.0,1,48403.25,63,92,0.878617530709973,2021-04-21 20:20:16,636,641,631,2021-04-21 20:23:13,48092.0,48590.0,48092.0,48030.0,1,48390.0,1,1,48387.0,1,2,48385.0,1,2,48380.0,2,1,48354.0,1,10,48438.0,1,3,48443.0,2,1,48446.0,1,1,48450.0,1,9,48465.0,1
True,full,58604807,48452.0,1,48403.25,63,82,0.878617530709973,2021-04-21 20:20:16,636,641,631,2021-04-21 20:23:17,48092.0,48590.0,48092.0,48030.0,1,48390.0,1,1,48387.0,1,2,48385.0,1,2,48380.0,2,1,48354.0,1,10,48438.0,1,2,48439.0,1,1,48442.0,1,1,48443.0,1,1,48450.0,1
True,full,58604807,48452.0,1,48403.25,63,82,0.878617530709973,2021-04-21 20:20:16,636,641,631,2021-04-21 20:23:21,48092.0,48590.0,48092.0,48030.0,1,48386.0,1,1,48382.0,1,2,48380.0,1,2,48375.0,2,1,48354.0,1,10,48436.0,1,2,48437.0,1,2,48439.0,2,1,48450.0,1,9,48463.0,1
True,full,58604807,48452.0,1,48403.25,63,82,0.878617530709973,2021-04-21 20:20:16,636,641,631,2021-04-21 20:23:22,48092.0,48590.0,48092.0,48030.0,1,48386.0,1,1,48382.0,1,2,48381.0,1,2,48375.0,2,1,48354.0,1,10,48436.0,1,2,48437.0,1,2,48439.0,2,1,48450.0,1,9,48463.0,1
True,full,58604807,48452.0,1,48403.25,63,82,0.878617530709973,2021-04-21 20:20:16,636,641,631,2021-04-21 20:23:26,48092.0,48590.0,48092.0,48030.0,1,48386.0,1,1,48383.0,1,2,48381.0,1,1,48376.0,1,1,48375.0,1,10,48436.0,1,2,48437.0,1,2,48439.0,2,1,48450.0,1,9,48459.0,1
True,full,58604807,48452.0,1,48403.25,63,92,0.878617530709973,2021-04-21 20:20:16,636,641,631,2021-04-21 20:23:30,48092.0,48590.0,48092.0,48030.0,1,48376.0,1,1,48372.0,1,2,48370.0,1,2,48365.0,2,1,48356.0,1,10,48428.0,1,2,48429.0,1,2,48434.0,2,1,48450.0,1,9,48459.0,1
True,full,58604807,48452.0,1,48403.25,63,82,0.878617530709973,2021-04-21 20:20:16,636,641,631,2021-04-21 20:23:37,48092.0,48590.0,48092.0,48030.0,1,48378.0,1,1,48375.0,1,2,48373.0,1,1,48368.0,1,1,48367.0,1,10,48422.0,1,2,48429.0,1,1,48443.0,1,1,48444.0,1,9,48447.0,1
True,full,58604807,48452.0,1,48403.25,63,92,0.878617530709973,2021-04-21 20:20:16,636,641,631,2021-04-21 20:23:44,48092.0,48590.0,48092.0,48030.0,1,48378.0,1,1,48375.0,1,2,48373.0,1,1,48368.0,1,1,48367.0,1,10,48422.0,1,2,48428.0,1,1,48443.0,1,1,48444.0,1,1,48450.0,1
True,full,58604807,48452.0,1,48403.25,63,92,0.878617530709973,2021-04-21 20:20:16,636,641,631,2021-04-21 20:23:55,48092.0,48590.0,48092.0,48030.0,1,48385.0,1,1,48382.0,1,2,48380.0,1,2,48375.0,2,1,48354.0,1,10,48424.0,1,2,48448.0,1,1,48450.0,1,9,48470.0,1,3,48517.0,1
True,full,58604807,48452.0,1,48403.25,63,92,0.878617530709973,2021-04-21 20:20:16,636,641,631,2021-04-21 20:24:07,48092.0,48590.0,48092.0,48030.0,1,48389.0,1,1,48386.0,1,2,48384.0,1,2,48379.0,2,1,48354.0,1,10,48424.0,1,1,48441.0,1,1,48442.0,1,2,48443.0,1,1,48450.0,1
True,full,58604807,48452.0,1,48403.25,63,82,0.878617530709973,2021-04-21 20:20:16,636,641,631,2021-04-21 20:24:15,48092.0,48590.0,48092.0,48030.0,1,48390.0,1,3,48388.0,2,2,48383.0,2,1,48376.0,1,2,48353.0,1,10,48430.0,1,2,48444.0,1,1,48445.0,1,1,48446.0,1,1,48450.0,1
True,full,58604807,48452.0,1,48403.25,63,92,0.878617530709973,2021-04-21 20:20:16,636,641,631,2021-04-21 20:24:18,48092.0,48590.0,48092.0,48030.0,1,48382.0,1,3,48379.0,2,1,48375.0,1,1,48355.0,1,1,48354.0,1,10,48430.0,1,2,48439.0,1,1,48445.0,1,1,48446.0,1,1,48450.0,1
True,full,58604807,48452.0,1,48403.25,63,92,0.878617530709973,2021-04-21 20:20:16,636,641,631,2021-04-21 20:24:21,48092.0,48590.0,48092.0,48030.0,1,48383.0,1,2,48381.0,1,1,48379.0,1,1,48376.0,1,1,48374.0,1,10,48430.0,1,1,48445.0,1,3,48446.0,2,1,48450.0,1,9,48473.0,1
True,full,58604807,48452.0,1,48403.25,63,92,0.878617530709973,2021-04-21 20:20:16,636,641,631,2021-04-21 20:24:28,48092.0,48590.0,48092.0,48030.0,1,48382.0,1,3,48380.0,2,2,48375.0,2,1,48354.0,1,2,48353.0,1,10,48430.0,1,2,48442.0,1,1,48445.0,1,1,48446.0,1,1,48450.0,1
True,full,58604807,48452.0,1,48403.25,63,92,0.878617530709973,2021-04-21 20:20:16,636,641,631,2021-04-21 20:24:41,48092.0,48590.0,48092.0,48030.0,1,48381.0,1,3,48379.0,2,2,48374.0,2,1,48354.0,1,2,48353.0,1,10,48430.0,1,1,48445.0,1,3,48446.0,2,1,48450.0,1,9,48465.0,1
True,full,58604807,48452.0,1,48403.25,63,92,0.878617530709973,2021-04-21 20:20:16,636,641,631,2021-04-21 20:24:46,48092.0,48590.0,48092.0,48030.0,1,48381.0,1,3,48379.0,2,2,48374.0,2,1,48354.0,1,2,48353.0,1,10,48430.0,1,1,48445.0,1,3,48446.0,2,1,48450.0,1,9,48465.0,1
True,full,58604807,48452.0,1,48403.25,63,92,0.878617530709973,2021-04-21 20:20:16,636,641,631,2021-04-21 20:24:47,48092.0,48590.0,48092.0,48030.0,1,48381.0,1,3,48379.0,2,2,48374.0,2,1,48354.0,1,2,48353.0,1,10,48430.0,1,2,48444.0,1,1,48445.0,1,1,48446.0,1,1,48450.0,1
True,full,58604807,48452.0,1,48403.25,63,92,0.878617530709973,2021-04-21 20:20:16,636,641,631,2021-04-21 20:24:47,48092.0,48590.0,48092.0,48030.0,1,48381.0,1,3,48379.0,2,2,48374.0,2,1,48354.0,1,2,48353.0,1,10,48430.0,1,1,48445.0,1,3,48446.0,2,1,48450.0,1,9,48465.0,1
True,full,58604807,48452.0,1,48403.25,63,92,0.878617530709973,2021-04-21 20:20:16,636,641,631,2021-04-21 20:24:50,48092.0,48590.0,48092.0,48030.0,1,48381.0,1,3,48379.0,2,2,48374.0,2,1,48354.0,1,2,48353.0,1,10,48430.0,1,2,48442.0,1,1,48445.0,1,1,48446.0,1,1,48450.0,1
True,full,58604807,48452.0,1,48403.25,63,92,0.878617530709973,2021-04-21 20:20:16,636,641,631,2021-04-21 20:24:51,48092.0,48590.0,48092.0,48030.0,1,48379.0,1,3,48377.0,2,2,48372.0,2,1,48354.0,1,2,48353.0,1,10,48430.0,1,1,48440.0,1,3,48441.0,2,1,48450.0,1,9,48465.0,1
True,full,58604807,48452.0,1,48403.25,63,82,0.878617530709973,2021-04-21 20:20:16,636,641,631,2021-04-21 20:25:12,48092.0,48590.0,48092.0,48030.0,1,48377.0,1,3,48375.0,2,2,48370.0,2,1,48354.0,1,2,48353.0,1,10,48430.0,1,2,48439.0,1,1,48441.0,1,1,48446.0,1,1,48450.0,1
True,full,58604807,48452.0,1,48403.25,63,82,0.878617530709973,2021-04-21 20:20:16,636,641,631,2021-04-21 20:25:15,48092.0,48590.0,48092.0,48030.0,1,48382.0,1,3,48380.0,2,2,48375.0,2,1,48370.0,1,2,48353.0,1,10,48430.0,1,2,48439.0,1,2,48441.0,2,1,48450.0,1,9,48463.0,1
True,full,58604807,48452.0,1,48403.25,63,82,0.878617530709973,2021-04-21 20:20:16,636,641,631,2021-04-21 20:25:24,48092.0,48590.0,48092.0,48030.0,1,48383.0,1,2,48381.0,1,1,48380.0,1,1,48376.0,1,1,48375.0,1,10,48430.0,1,2,48447.0,1,1,48448.0,1,1,48449.0,1,1,48450.0,1
True,full,58604807,48452.0,1,48403.25,63,82,0.878617530709973,2021-04-21 20:20:16,636,641,631,2021-04-21 20:25:26,48092.0,48590.0,48092.0,48030.0,1,48383.0,1,2,48381.0,1,1,48380.0,1,1,48376.0,1,1,48375.0,1,10,48430.0,1,2,48446.0,1,1,48448.0,1,1,48449.0,1,1,48450.0,1
True,full,58604807,48452.0,1,48403.25,63,82,0.878617530709973,2021-04-21 20:20:16,636,641,631,2021-04-21 20:25:28,48092.0,48590.0,48092.0,48030.0,1,48384.0,1,3,48382.0,2,2,48377.0,2,1,48370.0,1,2,48353.0,1,10,48430.0,1,2,48447.0,1,1,48448.0,1,1,48449.0,1,1,48450.0,1
True,full,58604807,48452.0,1,48403.25,63,92,0.878617530709973,2021-04-21 20:20:16,636,641,631,2021-04-21 20:25:32,48092.0,48590.0,48092.0,48030.0,1,48385.0,1,2,48383.0,1,1,48382.0,1,1,48378.0,1,1,48377.0,1,10,48430.0,1,2,48447.0,1,1,48448.0,1,1,48449.0,1,1,48450.0,1
True,full,58604807,48452.0,1,48403.25,63,82,0.878617530709973,2021-04-21 20:20:16,636,641,631,2021-04-21 20:26:14,48092.0,48590.0,48092.0,48030.0,1,48397.0,1,3,48395.0,2,2,48390.0,2,1,48385.0,1,2,48353.0,1,10,48430.0,1,1,48448.0,1,1,48449.0,1,3,48450.0,2,9,48473.0,1
True,full,58604807,48452.0,1,48403.25,63,82,0.878617530709973,2021-04-21 20:20:16,636,641,631,2021-04-21 20:26:15,48092.0,48590.0,48092.0,48030.0,1,48397.0,1,3,48395.0,2,2,48390.0,2,1,48385.0,1,2,48353.0,1,10,48430.0,1,1,48448.0,1,1,48449.0,1,3,48450.0,2,9,48473.0,1
True,full,58604807,48452.0,1,48403.25,63,82,0.878617530709973,2021-04-21 20:20:16,636,641,631,2021-04-21 20:26:34,48092.0,48590.0,48092.0,48030.0,1,48387.0,1,3,48385.0,2,2,48380.0,2,1,48355.0,1,2,48353.0,1,10,48430.0,1,3,48448.0,2,1,48449.0,1,1,48450.0,1,9,48461.0,1
True,full,58604807,48452.0,1,48403.25,63,82,0.878617530709973,2021-04-21 20:20:16,636,641,631,2021-04-21 20:26:37,48092.0,48590.0,48092.0,48030.0,1,48387.0,1,3,48385.0,2,2,48380.0,2,1,48355.0,1,2,48353.0,1,10,48430.0,1,2,48444.0,1,1,48445.0,1,1,48446.0,1,1,48450.0,1
True,full,58604807,48452.0,1,48403.25,63,92,0.878617530709973,2021-04-21 20:20:16,636,641,631,2021-04-21 20:26:52,48092.0,48590.0,48092.0,48030.0,1,48383.0,1,2,48381.0,1,1,48380.0,1,1,48376.0,1,1,48375.0,1,10,48430.0,1,3,48444.0,2,1,48449.0,1,1,48450.0,1,9,48458.0,1
True,full,58604807,48452.0,1,48403.25,63,92,0.878617530709973,2021-04-21 20:20:16,636,641,631,2021-04-21 20:26:55,48092.0,48590.0,48092.0,48030.0,1,48383.0,1,3,48380.0,2,1,48376.0,1,1,48375.0,1,1,48355.0,1,10,48430.0,1,3,48444.0,2,1,48449.0,1,1,48450.0,1,9,48458.0,1
True,full,58604807,48452.0,1,48403.25,63,92,0.878617530709973,2021-04-21 20:20:16,636,641,631,2021-04-21 20:26:57,48092.0,48590.0,48092.0,48030.0,1,48382.0,1,3,48380.0,2,2,48375.0,2,1,48355.0,1,2,48353.0,1,10,48430.0,1,2,48441.0,1,1,48443.0,1,1,48444.0,1,1,48450.0,1
True,full,58604807,48452.0,1,48403.25,63,92,0.878617530709973,2021-04-21 20:20:16,636,641,631,2021-04-21 20:26:57,48092.0,48590.0,48092.0,48030.0,2,48383.0,1,1,48382.0,1,1,48380.0,1,2,48375.0,2,1,48355.0,1,10,48430.0,1,2,48441.0,1,1,48443.0,1,1,48444.0,1,1,48450.0,1
True,full,58604807,48452.0,1,48403.25,63,82,0.878617530709973,2021-04-21 20:20:16,636,641,631,2021-04-21 20:27:25,48092.0,48590.0,48092.0,48030.0,1,48390.0,1,1,48387.0,1,2,48385.0,1,2,48380.0,2,1,48375.0,1,10,48430.0,1,2,48438.0,1,2,48440.0,2,1,48450.0,1,9,48458.0,1
True,full,58604807,48452.0,1,48403.25,63,82,0.878617530709973,2021-04-21 20:20:16,636,641,631,2021-04-21 20:27:48,48092.0,48590.0,48092.0,48030.0,1,48385.0,1,1,48383.0,1,2,48381.0,1,1,48376.0,1,1,48375.0,1,10,48430.0,1,2,48434.0,1,1,48435.0,1,1,48440.0,1,1,48450.0,1
True,full,58604807,48452.0,1,48403.25,63,82,0.878617530709973,2021-04-21 20:20:16,636,641,631,2021-04-21 20:27:50,48092.0,48590.0,48092.0,48030.0,1,48385.0,1,1,48382.0,1,2,48380.0,1,2,48375.0,2,1,48354.0,1,10,48430.0,1,2,48434.0,1,1,48435.0,1,1,48440.0,1,1,48450.0,1
True,full,58604807,48452.0,1,48403.25,63,92,0.878617530709973,2021-04-21 20:20:16,636,641,631,2021-04-21 20:28:05,48092.0,48590.0,48092.0,48030.0,1,48380.0,1,1,48378.0,1,2,48376.0,1,1,48371.0,1,1,48370.0,1,10,48429.0,1,1,48430.0,1,1,48432.0,1,2,48434.0,1,1,48450.0,1
True,full,58604807,48452.0,1,48403.25,63,82,0.878617530709973,2021-04-21 20:20:16,636,641,631,2021-04-21 20:28:18,48092.0,48590.0,48092.0,48030.0,1,48385.0,1,1,48383.0,1,2,48381.0,1,1,48376.0,1,1,48375.0,1,10,48429.0,1,2,48438.0,1,2,48449.0,2,1,48450.0,1,9,48458.0,1
True,full,58604807,48452.0,1,48403.25,63,92,0.878617530709973,2021-04-21 20:20:16,636,641,631,2021-04-21 20:28:27,48092.0,48590.0,48092.0,48030.0,1,48385.0,1,1,48383.0,1,2,48381.0,1,1,48376.0,1,1,48375.0,1,10,48429.0,1,2,48434.0,1,2,48437.0,2,1,48450.0,1,9,48458.0,1
True,full,58604807,48452.0,1,48403.25,63,92,0.878617530709973,2021-04-21 20:20:16,636,641,631,2021-04-21 20:28:41,48092.0,48590.0,48092.0,48030.0,1,48385.0,1,1,48383.0,1,2,48381.0,1,1,48376.0,1,1,48375.0,1,10,48429.0,1,3,48441.0,2,1,48447.0,1,1,48450.0,1,9,48458.0,1
True,full,58604807,48452.0,1,48403.25,63,92,0.878617530709973,2021-04-21 20:20:16,636,641,631,2021-04-21 20:28:42,48092.0,48590.0,48092.0,48030.0,1,48385.0,1,1,48384.0,1,2,48382.0,1,1,48377.0,1,1,48375.0,1,10,48429.0,1,3,48441.0,2,1,48447.0,1,1,48450.0,1,9,48458.0,1
True,full,58604807,48452.0,1,48403.25,63,92,0.878617530709973,2021-04-21 20:20:16,636,641,631,2021-04-21 20:28:50,48092.0,48590.0,48092.0,48030.0,1,48394.0,1,1,48391.0,1,2,48389.0,1,2,48384.0,2,1,48370.0,1,10,48429.0,1,2,48442.0,1,1,48446.0,1,1,48447.0,1,1,48450.0,1
True,full,58604807,48452.0,1,48403.25,63,92,0.878617530709973,2021-04-21 20:20:16,636,641,631,2021-04-21 20:29:11,48092.0,48590.0,48092.0,48030.0,1,48397.0,1,1,48395.0,1,2,48393.0,1,1,48388.0,1,1,48387.0,1,10,48429.0,1,3,48450.0,2,9,48471.0,1,3,48519.0,1,1,48600.0,1
True,full,58604807,48452.0,1,48403.25,63,82,0.878617530709973,2021-04-21 20:20:16,636,641,631,2021-04-21 20:29:21,48092.0,48590.0,48092.0,48030.0,1,48397.0,1,1,48395.0,1,2,48393.0,1,1,48388.0,1,1,48387.0,1,10,48429.0,1,2,48448.0,1,1,48449.0,1,1,48450.0,1,9,48471.0,1
True,full,58604807,48452.0,1,48403.25,63,82,0.878617530709973,2021-04-21 20:20:16,636,641,631,2021-04-21 20:29:24,48092.0,48590.0,48092.0,48030.0,1,48390.0,1,1,48389.0,1,2,48385.0,1,1,48382.0,1,1,48371.0,1,10,48429.0,1,2,48448.0,1,1,48449.0,1,1,48450.0,1,9,48471.0,1
True,full,58604807,48452.0,1,48403.25,63,82,0.878617530709973,2021-04-21 20:20:16,636,641,631,2021-04-21 20:29:26,48092.0,48590.0,48092.0,48030.0,1,48395.0,1,3,48390.0,2,2,48383.0,2,1,48370.0,1,2,48353.0,1,10,48429.0,1,2,48447.0,1,2,48449.0,2,1,48450.0,1,9,48471.0,1
True,full,58604807,48452.0,1,48403.25,63,82,0.878617530709973,2021-04-21 20:20:16,636,641,631,2021-04-21 20:29:26,48092.0,48590.0,48092.0,48030.0,1,48395.0,1,1,48392.0,1,2,48390.0,1,2,48385.0,2,1,48370.0,1,10,48429.0,1,2,48447.0,1,2,48449.0,2,1,48450.0,1,9,48471.0,1
True,full,58604807,48452.0,1,48403.25,63,83,0.878617530709973,2021-04-21 20:20:16,636,641,631,2021-04-21 20:29:29,48092.0,48590.0,48092.0,48030.0,1,48393.0,1,1,48392.0,1,2,48388.0,1,1,48385.0,1,1,48371.0,1,10,48429.0,1,2,48447.0,1,2,48449.0,2,1,48450.0,1,9,48471.0,1
True,full,58604807,48452.0,1,48403.25,63,93,0.878617530709973,2021-04-21 20:20:16,636,641,631,2021-04-21 20:29:45,48092.0,48590.0,48092.0,48030.0,1,48398.0,1,1,48395.0,1,2,48393.0,1,2,48388.0,2,1,48380.0,1,10,48429.0,1,2,48448.0,1,1,48449.0,1,1,48450.0,1,9,48471.0,1
