2021-08-22 15:30:00,48385.06000,48388.00000,48382.25000,48382.25000,0
2021-08-22 15:55:00,48439.39000,48439.40000,48435.89000,48438.27000,1
2021-08-22 16:00:00,48526.62000,48539.51000,48526.61000,48536.77000,8
2021-08-22 16:05:00,48523.64000,48533.02000,48523.64000,48533.02000,3
2021-08-22 16:10:00,48475.03000,48475.03000,48470.00000,48470.00000,0
2021-08-22 16:15:00,48459.99000,48460.00000,48459.99000,48460.00000,1
2021-08-22 16:20:00,48416.23000,48429.91000,48416.23000,48420.59000,2
2021-08-22 16:25:00,48565.00000,48567.76000,48565.00000,48566.61000,0
2021-08-22 16:30:00,48681.09000,48681.09000,48677.56000,48677.56000,0
2021-08-22 16:35:00,48796.08000,48796.08000,48796.01000,48796.02000,0
2021-08-22 16:40:00,48770.74000,48773.30000,48768.54000,48773.30000,0
2021-08-22 16:45:00,48739.32000,48739.33000,48723.05000,48723.05000,1
2021-08-22 16:50:00,48616.71000,48616.71000,48604.81000,48607.60000,2
2021-08-22 16:55:00,48563.08000,48568.25000,48563.08000,48568.24000,1
2021-08-22 17:00:00,48631.06000,48643.28000,48631.06000,48643.28000,0
2021-08-22 17:05:00,48600.01000,48600.01000,48590.00000,48590.00000,0
2021-08-22 17:10:00,48637.95000,48639.70000,48637.94000,48637.94000,0
2021-08-22 17:15:00,48724.99000,48725.18000,48724.97000,48725.18000,0
2021-08-22 17:20:00,48644.32000,48644.33000,48635.55000,48635.55000,0
2021-08-22 17:25:00,48542.61000,48542.62000,48538.24000,48540.00000,1
2021-08-22 17:30:00,48598.17000,48598.17000,48593.17000,48593.18000,0
2021-08-22 17:35:00,48616.25000,48629.67000,48616.24000,48627.32000,1
2021-08-22 21:05:00,48292.19000,48292.19000,48292.18000,48292.19000,0
2021-08-22 21:10:00,48275.59000,48278.29000,48273.48000,48273.49000,2
2021-08-22 21:15:00,48290.00000,48290.01000,48290.00000,48290.00000,0
2021-08-22 21:20:00,48407.22000,48408.00000,48407.22000,48408.00000,4
2021-08-22 21:25:00,48362.96000,48362.98000,48360.02000,48362.98000,0
2021-08-22 21:30:00,48362.17000,48364.46000,48358.91000,48358.91000,1
2021-08-22 21:35:00,48419.62000,48423.36000,48419.62000,48423.17000,0
2021-08-22 21:40:00,48438.95000,48441.31000,48438.95000,48440.01000,0
2021-08-22 21:45:00,48500.70000,48505.10000,48500.70000,48505.10000,0
2021-08-22 21:50:00,48695.04000,48701.74000,48695.04000,48698.15000,1
2021-08-22 21:55:00,48708.95000,48708.95000,48708.94000,48708.95000,0
2021-08-22 22:00:00,48676.10000,48676.11000,48669.60000,48669.61000,0
2021-08-22 22:05:00,48781.25000,48781.37000,48768.00000,48768.00000,0
2021-08-22 22:10:00,48786.00000,48786.00000,48785.99000,48785.99000,1
2021-08-22 22:15:00,48816.67000,48816.68000,48816.67000,48816.68000,0
2021-08-22 22:20:00,48814.72000,48814.73000,48810.43000,48810.44000,1
2021-08-22 23:55:00,49262.01000,49262.02000,49256.21000,49256.22000,0
2021-08-23 00:00:00,49239.22000,49242.56000,49233.58000,49241.24000,3
2021-08-23 00:05:00,49360.00000,49364.19000,49360.00000,49364.19000,0
2021-08-23 00:10:00,49345.77000,49349.97000,49345.76000,49349.96000,1
2021-08-23 00:15:00,49378.04000,49380.77000,49371.60000,49378.02000,0
2021-08-23 00:20:00,49340.00000,49350.95000,49339.99000,49349.34000,1
2021-08-23 00:25:00,49302.41000,49302.46000,49302.41000,49302.46000,0
2021-08-23 00:30:00,49301.27000,49301.27000,49295.85000,49301.27000,2
2021-08-23 00:35:00,49097.07000,49099.09000,49092.74000,49097.12000,1
2021-08-23 00:40:00,49120.00000,49123.45000,49119.99000,49123.45000,0
2021-08-23 00:45:00,49177.71000,49178.83000,49173.98000,49178.82000,0
2021-08-23 00:50:00,49351.44000,49351.45000,49349.16000,49351.44000,0
2021-08-23 00:55:00,49368.37000,49368.37000,49358.67000,49368.37000,1
2021-08-23 01:00:00,49418.77000,49444.70000,49414.51000,49441.20000,9
2021-08-23 01:05:00,49346.12000,49351.81000,49339.93000,49339.94000,0
2021-08-23 01:10:00,49395.97000,49400.00000,49395.97000,49399.99000,0
2021-08-23 01:15:00,49363.14000,49373.31000,49363.13000,49369.44000,1
2021-08-23 01:20:00,49428.92000,49438.53000,49425.00000,49433.90000,0
2021-08-23 01:25:00,49645.33000,49662.03000,49643.35000,49662.02000,1
2021-08-23 01:30:00,49664.14000,49696.86000,49664.13000,49692.43000,10
2021-08-23 01:35:00,49865.64000,49865.64000,49844.23000,49846.88000,1
2021-08-23 01:40:00,49836.22000,49846.45000,49836.21000,49846.44000,1
2021-08-23 01:45:00,49854.99000,49862.95000,49854.98000,49862.95000,5
2021-08-23 01:50:00,49873.60000,49882.73000,49873.60000,49882.09000,9
2021-08-23 01:55:00,49820.37000,49824.39000,49820.36000,49824.38000,1
2021-08-23 02:00:00,49822.89000,49851.75000,49811.42000,49851.75000,5
2021-08-23 02:05:00,49780.03000,49780.03000,49780.02000,49780.02000,0
2021-08-23 02:10:00,49760.25000,49760.26000,49760.00000,49760.00000,0
2021-08-23 02:15:00,49770.29000,49773.15000,49770.28000,49773.15000,1
2021-08-23 02:20:00,49829.12000,49829.12000,49829.11000,49829.12000,1
2021-08-23 02:25:00,49750.98000,49750.99000,49748.15000,49748.15000,0
2021-08-23 02:30:00,49785.00000,49804.42000,49784.99000,49804.42000,1
2021-08-23 02:35:00,49841.64000,49849.61000,49841.64000,49849.60000,0
2021-08-23 02:40:00,49887.36000,49887.37000,49887.36000,49887.36000,0
2021-08-23 02:45:00,49826.16000,49845.12000,49826.16000,49841.30000,1
2021-08-23 02:55:00,50108.16000,50117.33000,50102.60000,50108.17000,3
2021-08-23 03:00:00,50046.27000,50079.53000,50046.27000,50074.37000,4
2021-08-23 03:05:00,50102.41000,50117.97000,50102.40000,50117.96000,0
2021-08-23 03:10:00,50124.31000,50125.41000,50124.31000,50125.41000,1
2021-08-23 03:15:00,50112.23000,50115.32000,50103.86000,50109.63000,2
2021-08-23 03:20:00,49983.95000,49983.96000,49976.61000,49977.03000,1
2021-08-23 03:25:00,49944.61000,49945.56000,49944.61000,49945.56000,0
2021-08-23 03:30:00,49891.44000,49922.98000,49891.44000,49922.98000,11
2021-08-23 03:35:00,49974.40000,49974.40000,49970.06000,49972.67000,0
2021-08-23 03:40:00,50023.69000,50027.53000,50023.69000,50027.52000,0
2021-08-23 03:45:00,50273.56000,50295.85000,50269.07000,50293.95000,7
2021-08-23 03:50:00,50224.12000,50225.99000,50224.12000,50225.98000,0
2021-08-23 03:55:00,50244.11000,50244.11000,50244.10000,50244.11000,0
2021-08-23 04:00:00,50260.00000,50287.99000,50259.99000,50284.99000,6
2021-08-23 04:05:00,50263.47000,50284.92000,50263.46000,50273.55000,2
2021-08-23 04:10:00,50262.14000,50262.14000,50260.90000,50260.90000,0
2021-08-23 04:15:00,50209.50000,50228.99000,50209.50000,50228.98000,7
2021-08-23 04:20:00,50200.01000,50215.82000,50194.67000,50211.01000,1
2021-08-23 04:25:00,50124.65000,50127.13000,50118.06000,50125.22000,0
2021-08-23 04:30:00,50159.71000,50174.99000,50159.71000,50167.80000,3
2021-08-23 04:35:00,50144.39000,50147.56000,50144.39000,50147.56000,1
2021-08-23 04:40:00,50254.33000,50254.33000,50250.61000,50253.39000,0
2021-08-23 04:45:00,50269.99000,50270.00000,50263.01000,50267.82000,0
2021-08-23 04:50:00,50286.89000,50287.41000,50286.88000,50287.41000,0
2021-08-23 04:55:00,50234.12000,50240.24000,50234.11000,50240.24000,1
2021-08-23 05:00:00,50300.38000,50310.00000,50300.38000,50305.84000,2
2021-08-23 05:05:00,50262.73000,50262.74000,50260.41000,50260.42000,1
2021-08-23 05:15:00,50264.23000,50274.74000,50264.23000,50274.74000,3
2021-08-23 05:20:00,50281.66000,50281.66000,50281.65000,50281.66000,0
2021-08-23 05:25:00,50330.00000,50330.01000,50326.97000,50330.00000,1
2021-08-23 05:30:00,50347.30000,50351.69000,50344.91000,50351.69000,3
2021-08-23 05:40:00,50256.11000,50260.07000,50255.61000,50260.06000,0
2021-08-23 05:45:00,50219.99000,50224.34000,50219.99000,50221.82000,3
2021-08-23 05:50:00,50200.01000,50200.51000,50200.01000,50200.51000,1
2021-08-23 05:55:00,50193.98000,50194.12000,50186.94000,50194.12000,0
2021-08-23 06:00:00,50220.94000,50234.55000,50220.93000,50234.55000,11
2021-08-23 06:05:00,50330.00000,50330.00000,50322.47000,50322.48000,1
2021-08-23 06:10:00,50254.41000,50266.17000,50254.41000,50266.16000,0
2021-08-23 06:15:00,50199.00000,50199.12000,50198.99000,50199.12000,1
2021-08-23 06:20:00,50103.35000,50113.58000,50103.35000,50113.57000,1
2021-08-23 06:25:00,50157.58000,50157.58000,50157.54000,50157.55000,0
