Index,Open,High,Low,Close,Vol,OI
2021-08-22 13:45:00,48780.71000,48813.90000,48700.00000,48803.53000,134
2021-08-22 13:45:00,48780.71000,48813.90000,48700.00000,48803.53000,134
2021-08-22 13:45:00,48780.71000,48813.90000,48700.00000,48803.53000,134
2021-08-22 13:45:00,48780.71000,48813.90000,48700.00000,48803.53000,134
2021-08-22 13:45:00,48780.71000,48824.75000,48700.00000,48822.39000,163
2021-08-22 14:05:00,48902.86000,48902.87000,48902.86000,48902.87000,0
2021-08-22 14:10:00,48817.52000,48826.23000,48817.52000,48817.53000,0
2021-08-22 14:15:00,48850.44000,48850.45000,48844.05000,48844.06000,0
2021-08-22 14:20:00,48880.28000,48880.28000,48880.05000,48880.05000,0
2021-08-22 14:25:00,48842.35000,48842.36000,48842.35000,48842.35000,0
2021-08-22 14:30:00,48782.51000,48782.51000,48764.86000,48764.86000,1
2021-08-22 14:35:00,48680.01000,48682.58000,48680.00000,48682.58000,0
2021-08-22 14:40:00,48612.79000,48612.80000,48612.79000,48612.79000,0
2021-08-22 14:45:00,48630.91000,48630.92000,48620.34000,48628.39000,1
2021-08-22 14:50:00,48459.99000,48462.97000,48450.00000,48456.19000,1
2021-08-22 14:55:00,48296.56000,48310.92000,48296.56000,48302.74000,4
2021-08-22 15:00:00,48251.21000,48251.22000,48203.97000,48210.12000,26
2021-08-22 15:05:00,48329.72000,48329.72000,48319.03000,48327.28000,0
2021-08-22 15:10:00,48339.99000,48340.00000,48339.99000,48339.99000,0
2021-08-22 15:15:00,48370.83000,48377.76000,48370.82000,48370.84000,0
2021-08-22 15:20:00,48378.61000,48381.62000,48360.02000,48362.27000,6
2021-08-22 15:30:00,48385.06000,48388.00000,48382.25000,48382.25000,0
2021-08-22 15:55:00,48439.39000,48439.40000,48435.89000,48438.27000,1
2021-08-22 16:00:00,48526.62000,48539.51000,48526.61000,48536.77000,8
2021-08-22 16:05:00,48523.64000,48533.02000,48523.64000,48533.02000,3
2021-08-22 16:10:00,48475.03000,48475.03000,48470.00000,48470.00000,0
2021-08-22 16:15:00,48459.99000,48460.00000,48459.99000,48460.00000,1
2021-08-22 16:20:00,48416.23000,48429.91000,48416.23000,48420.59000,2
2021-08-22 16:25:00,48565.00000,48567.76000,48565.00000,48566.61000,0
2021-08-22 16:30:00,48681.09000,48681.09000,48677.56000,48677.56000,0
2021-08-22 16:35:00,48796.08000,48796.08000,48796.01000,48796.02000,0
2021-08-22 16:40:00,48770.74000,48773.30000,48768.54000,48773.30000,0
2021-08-22 16:45:00,48739.32000,48739.33000,48723.05000,48723.05000,1
2021-08-22 16:50:00,48616.71000,48616.71000,48604.81000,48607.60000,2
2021-08-22 16:55:00,48563.08000,48568.25000,48563.08000,48568.24000,1
2021-08-22 17:00:00,48631.06000,48643.28000,48631.06000,48643.28000,0
2021-08-22 17:05:00,48600.01000,48600.01000,48590.00000,48590.00000,0
2021-08-22 17:10:00,48637.95000,48639.70000,48637.94000,48637.94000,0
2021-08-22 17:15:00,48724.99000,48725.18000,48724.97000,48725.18000,0
2021-08-22 17:20:00,48644.32000,48644.33000,48635.55000,48635.55000,0
2021-08-22 17:25:00,48542.61000,48542.62000,48538.24000,48540.00000,1
2021-08-22 17:30:00,48598.17000,48598.17000,48593.17000,48593.18000,0
2021-08-22 17:35:00,48616.25000,48629.67000,48616.24000,48627.32000,1
2021-08-22 21:05:00,48292.19000,48292.19000,48292.18000,48292.19000,0
2021-08-22 21:10:00,48275.59000,48278.29000,48273.48000,48273.49000,2
2021-08-22 21:15:00,48290.00000,48290.01000,48290.00000,48290.00000,0
2021-08-22 21:20:00,48407.22000,48408.00000,48407.22000,48408.00000,4
2021-08-22 21:25:00,48362.96000,48362.98000,48360.02000,48362.98000,0
2021-08-22 21:30:00,48362.17000,48364.46000,48358.91000,48358.91000,1
2021-08-22 21:35:00,48419.62000,48423.36000,48419.62000,48423.17000,0
2021-08-22 21:40:00,48438.95000,48441.31000,48438.95000,48440.01000,0
2021-08-23 22:10:00,49489.80000,49489.80000,49479.99000,49482.61000,1
2021-08-23 22:15:00,49648.39000,49666.00000,49641.20000,49641.20000,10
2021-08-23 22:20:00,49625.00000,49625.00000,49608.24000,49610.52000,1
2021-08-23 22:25:00,49595.57000,49595.57000,49579.21000,49579.24000,1
2021-08-23 22:30:00,49562.77000,49562.78000,49562.77000,49562.77000,0
2021-08-23 22:35:00,49625.40000,49625.40000,49625.39000,49625.39000,1
2021-08-23 22:40:00,49510.00000,49513.32000,49507.06000,49509.98000,2
2021-08-23 22:45:00,49610.26000,49620.14000,49610.25000,49615.68000,0
2021-08-23 22:50:00,49608.81000,49610.85000,49608.80000,49610.84000,0
