Index,Open,High,Low,Close,Vol,OI2021-08-10T13:44:00,729.9,730,729.65,729.8
2021-08-10T13:49:00,729.85,730,729.7,729.75
2021-08-10T13:54:00,729.85,729.85,729.6,729.7
2021-08-10T13:59:00,729.75,729.8,729.2,729.65
2021-08-10T14:04:00,729.85,729.85,729.45,729.6
2021-08-10T14:09:00,729.6,730,729.6,730
2021-08-10T14:14:00,730,730.4,729.95,730.05
2021-08-10T14:19:00,730,730.35,729.9,730.1
2021-08-10T14:24:00,730.15,730.2,729.95,730.2
2021-08-10T14:29:00,730.25,730.3,730,730
2021-08-10T14:34:00,729.9,729.9,729.4,729.4
2021-08-10T14:39:00,729.5,729.65,729.35,729.35
2021-08-10T14:44:00,729.4,729.5,728.65,728.75
2021-08-10T14:49:00,728.7,728.7,728,728.45
2021-08-10T14:54:00,728.45,728.45,728.2,728.35
2021-08-10T14:59:00,728.3,728.6,728.3,728.6
2021-08-10T15:04:00,728.6,729.15,728.35,729
2021-08-10T15:09:00,729,729,728.4,728.55
2021-08-10T15:14:00,728.6,728.9,728.6,728.85
2021-08-10T15:19:00,728.85,728.85,728.45,728.5
2021-08-10T15:24:00,728.55,729,728.55,729
2021-08-10T15:29:00,729,729.3,729,729.15
2021-08-10T15:34:00,728.95,729.05,728.8,728.8
2021-08-10T15:39:00,728.8,729,728.75,729
2021-08-10T15:44:00,729,729.5,729,729.3
2021-08-10T17:49:00,729.2,729.2,725.6,725.75
2021-08-10T17:54:00,725.75,726,725.6,726
2021-08-10T17:59:00,725.95,726.65,725.2,725.55
2021-08-10T18:04:00,725.75,727.3,725.75,726.95
2021-08-10T18:09:00,726.65,726.8,726.5,726.75
2021-08-10T18:14:00,726.7,726.8,726.1,726.5
2021-08-10T18:19:00,726.5,727.3,726.5,726.7
2021-08-10T18:24:00,726.75,726.85,726.5,726.5
2021-08-10T18:29:00,726.55,727.5,726.55,727.3
2021-08-10T18:34:00,727.3,728.55,727.3,728.05
2021-08-10T18:39:00,727.9,727.9,726.8,727.15
2021-08-10T18:44:00,727.15,727.3,726.6,727.25
2021-08-10T18:49:00,726.8,726.85,726.1,726.5
2021-08-10T18:54:00,726.5,727.25,726.5,726.7
2021-08-10T18:59:00,726.8,726.8,726.2,726.4
2021-08-10T19:04:00,726.3,728,726.3,727.6
2021-08-10T19:09:00,727.7,728.95,727.7,728.8
2021-08-10T19:14:00,728.7,730.95,728.55,730.75
2021-08-10T19:19:00,730.75,731.45,729.15,731.45
2021-08-10T19:24:00,731.35,731.8,731,731.3
2021-08-10T19:29:00,731.5,733.65,731.5,733
2021-08-10T19:34:00,733,733.35,731.95,731.95
2021-08-10T19:39:00,732,733.15,731.55,732.9
2021-08-10T19:44:00,732.95,733.15,732.05,732.8
2021-08-10T19:49:00,732.8,733.95,732.75,733.9
2021-08-10T19:54:00,734.05,735.75,734.05,735.5
2021-08-10T19:59:00,735.25,736.05,735,735.55
2021-08-10T20:04:00,735.95,737.25,735.4,736.2
2021-08-10T20:09:00,736.2,736.65,735.6,736.5
2021-08-10T20:14:00,736.4,736.4,734.95,735.65
2021-08-10T20:19:00,735.65,735.65,734.7,734.8
2021-08-10T20:24:00,734.8,735.25,734.2,734.5
2021-08-10T20:29:00,734.35,735.35,734.2,734.65
2021-08-10T20:34:00,734.8,735.65,734.5,734.75
2021-08-10T20:39:00,734.75,735.3,733.9,734.05
2021-08-10T20:49:00,733.6,733.85,733.2,733.85
2021-08-10T20:54:00,734,734.65,733.7,734.65
2021-08-10T20:59:00,734.8,734.8,734,734
2021-08-10T21:04:00,734.55,734.7,734.25,734.35
2021-08-10T21:09:00,734.35,734.45,734,734.45
2021-08-10T21:14:00,734.35,734.35,733.75,734
2021-08-10T21:19:00,733.95,734.95,733.9,734.7
2021-08-10T21:24:00,734.75,735.25,734.7,735.1
2021-08-10T21:29:00,735.05,735.8,735,735.6
2021-08-10T21:34:00,735.5,735.5,734.8,735
2021-08-10T21:39:00,734.75,735.3,734.75,735.25
2021-08-10T21:44:00,735.05,735.05,734.8,735
2021-08-10T21:49:00,734.9,734.95,734.65,734.9
2021-08-10T21:54:00,735,735.25,734.85,735.25
2021-08-10T21:59:00,735.3,735.45,734.85,734.85
2021-08-10T22:04:00,734.6,735.1,734.55,735.1
2021-08-10T22:09:00,735.1,735.1,734.5,734.5
2021-08-10T22:14:00,734.6,734.75,734.3,734.65
2021-08-10T22:19:00,734.7,734.95,734.5,734.5
2021-08-10T22:24:00,734.5,734.65,734.4,734.45
2021-08-10T22:29:00,734.55,734.7,734.2,734.2
2021-08-10T22:34:00,734.2,734.3,733.8,733.9
2021-08-10T22:39:00,733.85,733.95,733.7,733.9
2021-08-10T22:44:00,733.85,733.85,733.7,733.75
2021-08-10T22:49:00,733.6,734.2,733.6,734.2
2021-08-10T22:54:00,734.1,734.55,734.1,734.55
2021-08-10T22:59:00,734.5,734.5,734.2,734.2
2021-08-10T23:04:00,734.25,734.25,733.9,734.25
2021-08-10T23:09:00,734.3,734.3,733.9,733.9
2021-08-10T23:14:00,734.05,734.55,734.05,734.25
2021-08-10T23:19:00,734.2,734.5,733.95,734.3
2021-08-10T23:24:00,734.35,734.35,733.95,734.25
2021-08-10T23:29:00,734.15,734.4,734,734.2
2021-08-10T23:29:00,734.2,734.3,734.05,734.2
2021-08-10T23:29:00,734.2,734.3,734.05,734.2
2021-08-10T23:29:00,734.2,734.3,734.05,734.2
2021-08-10T23:29:00,734.2,734.3,734.05,734.2
2021-08-10T23:29:00,734.2,734.3,734.05,734.2
2021-08-11T13:13:00,734.2,734.3,732.2,732.2
2021-08-11T13:44:00,730.3,730.95,730.3,730.75
2021-08-11T14:19:00,730.95,730.95,730.5,730.55
2021-08-11T14:24:00,730.5,730.65,730.4,730.4
2021-08-11T14:29:00,730.6,730.8,730.6,730.8
2021-08-11T14:34:00,730.8,731.55,730.8,731.4
2021-08-11T14:39:00,731.2,731.6,730.7,730.7
2021-08-11T14:44:00,730.8,731.2,730.55,731.2
2021-08-11T15:49:00,730.9,730.9,728.9,729.45
2021-08-11T15:54:00,729.35,729.8,729.15,729.7
2021-08-11T15:59:00,729.7,730.2,729.7,730.15
2021-08-11T16:04:00,730.05,730.3,729.9,729.9
2021-08-11T16:09:00,729.9,730.6,729.9,730.6
2021-08-11T16:14:00,730.8,730.95,730.25,730.85
2021-08-11T16:19:00,730.85,730.85,730.65,730.75
2021-08-11T16:24:00,730.65,731.6,730.65,731.55
2021-08-11T16:29:00,731.55,731.55,731,731.05
2021-08-11T16:34:00,731,731.1,730.9,731
2021-08-11T16:39:00,730.8,731,730.3,730.65
2021-08-11T16:44:00,730.8,730.8,730,730.15
2021-08-11T16:49:00,730.2,730.95,730.2,730.8
2021-08-11T16:54:00,730.85,730.85,730.05,730.1
2021-08-11T16:59:00,730.1,730.4,729.85,730
2021-08-11T17:04:00,730,730.1,729.75,729.75
2021-08-11T17:09:00,730,731,730,730.95
2021-08-11T17:14:00,730.85,731.6,730.65,731.35
2021-08-11T17:19:00,731.25,731.25,730.8,730.9
2021-08-11T17:24:00,731,731,730.55,730.55
2021-08-11T17:29:00,730.55,731.15,730.55,731
2021-08-11T17:34:00,731.1,731.4,730.9,731.3
2021-08-11T17:39:00,731.2,731.3,731,731.3
2021-08-11T17:44:00,731.5,731.5,730.75,730.75
2021-08-11T17:49:00,730.7,731.1,730.65,730.85
2021-08-11T17:54:00,730.85,730.85,729.95,730.35
2021-08-11T17:59:00,730.55,730.65,730.1,730.15
2021-08-11T18:04:00,730.3,732.65,730.3,732.1
2021-08-11T18:09:00,732.4,732.95,731.9,732.5
2021-08-11T18:14:00,732.6,734.25,732.6,733.2
2021-08-11T18:19:00,733,733.6,732.3,732.65
2021-08-11T18:24:00,732.8,733.05,732.55,732.7
2021-08-11T18:29:00,732.65,732.85,732.15,732.55
2021-08-11T19:34:00,733.8,734.8,732.85,733.1
2021-08-11T19:39:00,732.9,733.9,732.9,733.8
2021-08-11T19:44:00,733.7,733.95,733.45,733.95
2021-08-11T19:49:00,734,734.8,733.3,733.3
2021-08-11T19:54:00,733.35,733.95,733.35,733.75
2021-08-11T19:59:00,733.6,733.8,733,733
2021-08-11T20:04:00,733.2,733.5,733,733.1
2021-08-11T20:09:00,733.05,733.45,731.55,731.8
2021-08-11T20:14:00,731.75,733.4,731.75,733.35
2021-08-11T20:19:00,733.3,734.2,733.3,733.95
2021-08-11T20:24:00,733.75,734.2,733.75,733.9
2021-08-11T20:29:00,733.8,734.4,733.8,733.9
2021-08-11T20:33:00,734.05,734.35,733.55,733.7
2021-08-11T20:39:00,733.75,734.4,733.75,733.85
2021-08-11T20:44:00,733.8,734.25,733.8,734.15
2021-08-11T20:49:00,734,734,733.3,733.3
2021-08-11T20:54:00,733.65,733.95,733.3,733.85
2021-08-11T20:59:00,733.7,733.95,733.6,733.8
2021-08-11T21:04:00,733.75,733.9,733.55,733.9
2021-08-11T21:09:00,733.9,733.9,733.65,733.65
2021-08-11T21:14:00,733.6,733.65,733.1,733.4
2021-08-11T21:19:00,733.2,733.6,733.2,733.3
2021-08-11T21:24:00,733.5,733.5,733.15,733.25
2021-08-11T21:29:00,733.1,733.9,733.1,733.8
2021-08-11T21:34:00,733.6,734,733.55,733.8
2021-08-11T21:39:00,733.75,733.85,733.2,733.35
2021-08-11T21:44:00,733.25,733.25,732.85,732.95
2021-08-11T21:48:00,732.9,733.35,732.9,733.35
2021-08-11T21:54:00,733.45,733.55,733.1,733.55
2021-08-11T21:59:00,733.5,733.6,733.3,733.5
2021-08-11T22:04:00,733.5,733.6,733.15,733.15
2021-08-11T22:34:00,733.6,735.65,733.5,735.1
2021-08-11T22:39:00,735.05,735.45,734.85,735.25
2021-08-11T22:44:00,735.25,735.25,734.8,735.15
2021-08-11T22:49:00,735.05,735.2,734.8,735.1
2021-08-11T22:54:00,735,735.1,734.9,735.1
2021-08-11T22:59:00,735.2,736,735.15,735.8
2021-08-11T23:04:00,735.55,735.6,735.35,735.5
2021-08-11T23:09:00,735.45,735.65,735.4,735.65
2021-08-11T23:14:00,735.55,735.8,735.2,735.5
2021-08-11T23:19:00,735.35,735.75,735.15,735.15
2021-08-11T23:24:00,735.15,735.4,734.45,734.65
2021-08-11T23:29:00,734.75,735.05,734.4,734.9
2021-08-11T23:29:00,734.9,734.9,734.4,734.9
2021-08-11T23:29:00,734.9,734.9,734.4,734.9
2021-08-12T11:04:00,734.9,740.35,734.9,739.8
2021-08-12T11:09:00,739.7,739.7,738.65,738.75
2021-08-12T11:14:00,738.8,738.8,737.7,738
2021-08-12T11:19:00,737.8,737.8,737.05,737.35
2021-08-12T11:24:00,737.3,737.9,737.3,737.5
2021-08-12T11:29:00,737.5,737.8,737.25,737.8
2021-08-12T11:34:00,737.7,738.2,737.45,737.6
2021-08-12T11:39:00,737.5,737.8,737.4,737.5
2021-08-12T11:44:00,737.45,739,737.45,738.75
2021-08-12T11:49:00,738.8,739.15,738.6,738.7
2021-08-12T11:54:00,738.8,739.9,738.8,739.25
2021-08-12T11:59:00,739.25,739.7,739.25,739.55
2021-08-12T12:04:00,739.7,739.95,739.6,739.75
2021-08-12T12:09:00,739.75,740,739.2,739.25
2021-08-12T12:14:00,739.1,739.1,738.6,738.85
2021-08-12T12:19:00,738.8,739.35,738.6,738.6
2021-08-12T12:24:00,738.55,738.55,737.8,738.25
2021-08-12T12:29:00,738.3,738.9,738.05,738.05
2021-08-12T13:24:00,739.55,739.55,739.1,739.2
2021-08-12T13:29:00,739.2,739.2,738.7,738.7
2021-08-12T13:34:00,738.75,738.75,738.5,738.75
2021-08-12T13:39:00,738.75,738.95,738.4,738.4
2021-08-12T13:44:00,738.35,738.45,737.55,737.65
2021-08-12T13:49:00,738.15,738.2,738,738.2
2021-08-12T13:53:00,738.2,738.5,738.2,738.5
2021-08-12T13:57:00,738.5,738.5,737.95,737.95
2021-08-12T14:04:00,738,738,737.5,737.65
2021-08-12T14:09:00,737.7,738.3,737.6,738.2
2021-08-12T14:12:00,738.15,738.15,738,738
2021-08-12T14:19:00,738.2,738.4,738.1,738.3
2021-08-12T14:24:00,738.25,738.5,738.25,738.4
2021-08-12T14:29:00,738.4,738.75,738.2,738.6
2021-08-12T14:34:00,738.75,738.75,738.4,738.55
2021-08-12T14:39:00,738.55,738.65,738,738
2021-08-12T14:44:00,738.25,738.3,738.15,738.25
2021-08-12T14:49:00,738.2,738.5,738.2,738.5
2021-08-12T14:54:00,738.75,739,738.65,739
2021-08-12T14:59:00,738.95,739.2,738.65,738.7
2021-08-12T15:04:00,738.6,738.7,738.5,738.5
2021-08-12T15:09:00,738.5,738.8,738.4,738.4
2021-08-12T15:14:00,738.45,738.75,738.3,738.35
2021-08-12T15:18:00,738.3,738.3,738.1,738.2
2021-08-12T15:24:00,738.3,738.5,738.05,738.25
2021-08-12T15:29:00,738.15,738.15,737.9,738
2021-08-12T15:34:00,738,738.15,738,738.1
2021-08-12T15:39:00,738.2,738.2,738.1,738.1
2021-08-12T15:44:00,738,738.1,738,738.1
2021-08-12T15:49:00,738.1,738.3,737.85,737.9
2021-08-12T15:54:00,738,738.1,737.8,737.9
2021-08-12T15:59:00,737.85,738.1,737.8,738
2021-08-12T16:04:00,738,738.05,737.85,738
2021-08-12T16:09:00,737.95,738,737.9,737.95
2021-08-12T16:14:00,737.85,738.1,737.85,737.95
2021-08-12T16:18:00,738.05,738.1,737.9,738.1
2021-08-12T16:24:00,738,738,737.7,738
2021-08-12T16:29:00,738,738,737.65,737.65
2021-08-12T16:34:00,737.6,737.65,736.6,736.6
2021-08-12T16:39:00,736.6,736.6,735.5,736.3
2021-08-12T16:44:00,736.35,736.5,735.4,735.4
2021-08-12T16:49:00,735.4,736.25,735.4,735.85
2021-08-12T16:54:00,735.8,736.1,735.6,735.6
2021-08-12T16:59:00,735.65,736.35,735.6,735.65
2021-08-12T17:04:00,735.75,735.75,734.45,735.1
2021-08-12T17:09:00,735.4,736.2,735.4,735.5
2021-08-12T17:14:00,735.55,735.8,735.15,735.8
2021-08-12T17:19:00,735.8,736.15,735.35,736.15
2021-08-12T17:24:00,736.15,736.4,735.7,735.8
2021-08-12T17:29:00,735.75,735.95,735.3,735.5
2021-08-12T17:34:00,735.55,735.55,733.6,734.15
2021-08-12T17:39:00,734.2,734.85,733.85,734.3
2021-08-12T17:44:00,734.15,734.6,734.15,734.2
2021-08-12T17:49:00,734.05,734.05,732.5,732.95
2021-08-12T17:54:00,732.8,733.15,732.55,733.15
2021-08-12T17:59:00,733.2,733.4,732.55,733.4
2021-08-12T18:04:00,733.4,734.45,733.15,733.75
2021-08-12T18:09:00,733.7,734.1,733.7,733.85
2021-08-12T18:14:00,733.75,734.55,733.75,734.3
2021-08-12T18:19:00,734.4,735.15,734.4,734.9
2021-08-12T18:24:00,734.95,735,734.6,734.7
2021-08-12T18:29:00,734.85,735.4,734.85,734.95
2021-08-12T18:34:00,735,735,733.55,733.65
2021-08-12T18:39:00,733.5,733.5,730.6,732.25
2021-08-12T18:44:00,732.1,732.5,731.4,731.5
2021-08-12T18:49:00,731.65,731.85,731.15,731.45
2021-08-12T18:54:00,731.5,732.25,731.25,731.85
2021-08-12T18:58:00,731.95,731.95,731.35,731.8
2021-08-12T19:09:00,731.5,731.5,730.3,731.25
2021-08-12T19:14:00,731.3,731.65,731,731.65
2021-08-12T19:19:00,731.55,731.55,730.5,730.7
2021-08-12T19:24:00,730.55,730.8,730.25,730.75
2021-08-12T19:29:00,730.95,731.9,730.95,731.5
2021-08-12T19:34:00,731.55,732,731.1,731.95
2021-08-12T19:39:00,731.95,733,731.95,732.6
2021-08-12T19:44:00,732.5,733.4,732.5,732.8
2021-08-12T22:49:00,733.25,733.25,730.1,730.1
2021-08-12T22:54:00,730.1,730.25,730,730.25
2021-08-12T22:59:00,730.25,730.6,730.2,730.25
2021-08-12T23:04:00,730.3,730.3,729.55,730
2021-08-12T23:09:00,730.05,730.3,729.75,730.3
2021-08-12T23:14:00,730.15,730.7,730.15,730.7
2021-08-12T23:19:00,730.65,730.65,730.05,730.15
2021-08-12T23:24:00,730.2,730.55,730.2,730.35
2021-08-12T23:28:00,730.45,730.5,730.35,730.5
2021-08-12T23:29:00,730.45,730.7,730.45,730.7
2021-08-12T23:29:00,730.45,730.7,730.45,730.7
2021-08-12T23:29:00,730.45,730.7,730.45,730.7
2021-08-12T23:29:00,730.45,730.7,730.45,730.7
2021-08-12T23:29:00,730.45,730.7,730.45,730.7
2021-08-12T23:29:00,730.45,730.7,730.45,730.7
2021-08-12T23:29:00,730.45,730.7,730.45,730.7
2021-08-12T23:29:00,730.45,730.7,730.45,730.7
2021-08-12T23:29:00,730.45,730.7,730.45,730.7
2021-08-13T10:23:00,730.45,732.5,730.45,732.5
2021-08-13T10:34:00,732.4,732.5,732.4,732.45
2021-08-13T10:39:00,732.5,732.8,732.45,732.8
2021-08-13T10:44:00,732.65,732.8,732.6,732.8
2021-08-13T10:49:00,732.8,732.95,732.7,732.9
2021-08-13T10:54:00,733,733,732.25,732.4
2021-08-13T10:59:00,732.4,732.65,732.4,732.4
2021-08-13T11:04:00,732.45,732.65,731.55,731.6
2021-08-13T11:09:00,731.55,731.85,731.2,731.6
2021-08-13T19:14:00,731.6,735.25,731.2,735.25
2021-08-13T19:19:00,735.3,735.85,735.2,735.3
2021-08-13T19:23:00,735.35,735.35,734.85,734.95
2021-08-13T19:29:00,735.05,735.9,734.9,735.7
2021-08-13T19:34:00,735.7,737.5,735.7,736.75
2021-08-13T19:39:00,736.95,737.45,736.8,737.15
2021-08-13T19:44:00,737.35,739,737.35,739
2021-08-13T20:09:00,739,739.2,738,738
2021-08-13T20:14:00,737.95,738.4,737.9,737.9
2021-08-13T20:19:00,738.4,738.45,738,738
2021-08-13T20:24:00,738.05,738.35,737.65,738.2
2021-08-13T20:29:00,738.2,738.2,737.25,737.5
2021-08-13T20:34:00,737.35,737.75,737,737.75
2021-08-13T20:39:00,737.55,737.55,736.75,737.15
2021-08-13T20:44:00,737,737,736.4,736.8
2021-08-13T20:49:00,736.7,736.7,735.6,736.15
2021-08-13T20:54:00,735.95,736.75,735.85,736.35
2021-08-13T20:59:00,736.3,736.45,735.8,735.8
2021-08-13T21:04:00,736,736.25,735.4,735.85
2021-08-13T21:09:00,735.85,735.85,734.65,735
2021-08-13T21:14:00,735.15,736.15,735.15,735.45
2021-08-13T21:19:00,735.55,735.7,735.1,735.1
2021-08-13T21:24:00,735.1,735.3,734.5,734.7
2021-08-13T21:29:00,734.7,735.25,734.7,734.75
2021-08-13T21:34:00,734.85,735.25,734.85,735.15
2021-08-13T21:39:00,735.15,735.25,734.5,734.6
2021-08-13T21:44:00,734.7,735.4,734.7,735.25
2021-08-13T21:49:00,735.25,735.4,735.25,735.25
2021-08-13T21:54:00,735.2,735.7,735.1,735.6
2021-08-13T21:59:00,735.7,735.85,735.15,735.2
2021-08-13T22:04:00,735.2,735.3,734.75,735.3
2021-08-13T22:09:00,735.35,735.45,735,735
2021-08-13T22:14:00,735.1,735.3,735,735
2021-08-13T22:19:00,735,735,734.1,734.15
2021-08-13T22:24:00,734.15,734.45,734.1,734.35
2021-08-13T22:29:00,734.2,734.8,733.85,734.65
2021-08-13T22:34:00,734.6,734.6,734,734.35
2021-08-13T22:39:00,734,734.5,734,734.4
2021-08-13T22:44:00,734.4,735.05,734.25,734.25
2021-08-13T22:49:00,734.25,734.5,734.2,734.45
2021-08-13T22:54:00,734.5,734.55,734.1,734.15
2021-08-13T22:59:00,734.25,734.3,734.05,734.1
2021-08-13T23:04:00,734.05,734.05,732.65,733
2021-08-13T23:09:00,732.85,733.3,732.85,733.05
2021-08-13T23:14:00,733.2,733.25,733,733.2
2021-08-13T23:19:00,733,733.7,733,733.55
2021-08-13T23:29:00,733.5,733.7,733.2,733.35
2021-08-13T23:29:00,733.2,733.5,733.2,733.35
2021-08-13T23:29:00,733.2,733.5,733.2,733.35
2021-08-13T23:29:00,733.2,733.5,733.2,733.35
2021-08-13T23:29:00,733.2,733.5,733.2,733.35
2021-08-13T23:29:00,733.2,733.5,733.2,733.35
2021-08-13T23:29:00,733.2,733.5,733.2,733.35
2021-08-13T23:29:00,733.2,733.5,733.2,733.35
2021-08-13T23:29:00,733.2,733.5,733.2,733.35
2021-08-16T10:39:00,729.6,729.6,729.15,729.3
2021-08-16T10:44:00,729.3,729.3,727.8,728.2
2021-08-16T10:49:00,728.2,728.2,727.5,727.6
2021-08-16T10:54:00,727.5,727.85,727.4,727.6
2021-08-16T10:59:00,727.5,728.1,727.5,727.85
2021-08-16T11:04:00,727.5,727.75,727.25,727.35
2021-08-16T11:09:00,727.2,727.8,727,727.5
2021-08-16T11:14:00,727.5,728.25,727.5,727.7
2021-08-16T11:19:00,727.85,727.85,727.45,727.5
2021-08-16T11:24:00,727.5,727.7,727.5,727.7
2021-08-16T11:29:00,727.7,727.7,727.1,727.15
2021-08-16T11:34:00,727.4,727.75,727.25,727.6
2021-08-16T11:39:00,727.55,727.55,726.6,726.8
2021-08-16T11:44:00,726.7,727.3,726.7,727.3
2021-08-16T11:49:00,727.05,727.4,726.9,727.1
2021-08-16T11:54:00,727.05,727.4,727.05,727.05
2021-08-16T11:59:00,727.05,727.3,727.05,727.05
2021-08-16T12:04:00,727.05,727.05,726.25,726.35
2021-08-16T12:09:00,726.25,726.95,726.15,726.8
2021-08-16T12:14:00,726.8,727.05,726.2,726.25
2021-08-16T12:19:00,726.3,726.4,725.5,726
2021-08-16T12:24:00,725.9,726.2,725.75,726.05
2021-08-16T12:29:00,726.05,726.4,725.65,725.65
2021-08-16T12:34:00,725.95,725.95,723.8,724.2
2021-08-16T12:39:00,724.45,724.65,724.1,724.25
2021-08-16T12:44:00,724.2,724.4,723.8,723.85
2021-08-16T12:49:00,723.8,725.05,723.8,724.65
2021-08-16T12:54:00,724.75,725.35,724.1,724.2
2021-08-16T12:59:00,724.15,724.5,724,724.4
2021-08-16T13:04:00,724.6,724.75,724.05,724.1
2021-08-16T13:09:00,724.25,725,724.15,724.85
2021-08-16T13:14:00,725,725,724.7,724.7
2021-08-16T13:19:00,724.55,725,724.55,724.7
2021-08-16T13:24:00,724.7,724.7,724.05,724.2
2021-08-16T13:29:00,724.15,724.65,723.75,724.65
2021-08-16T13:34:00,724.5,724.9,724.35,724.75
2021-08-16T13:39:00,724.6,725.45,724.6,725.3
2021-08-16T13:44:00,725.3,725.3,724.45,724.7
2021-08-16T13:49:00,724.65,724.9,724.4,724.4
2021-08-16T13:54:00,724.4,725.1,724.4,725.1
2021-08-16T13:59:00,725.1,725.2,724.6,724.6
2021-08-16T14:04:00,724.6,724.6,724.1,724.45
2021-08-16T14:09:00,724.7,725.25,724.65,724.9
2021-08-16T14:14:00,724.85,726.2,724.85,726.1
2021-08-16T14:19:00,726.15,726.5,725.7,725.8
2021-08-16T14:24:00,725.65,726,725.4,725.65
2021-08-16T14:29:00,725.55,725.8,725.3,725.8
2021-08-16T14:34:00,725.85,725.9,725.4,725.7
2021-08-16T14:39:00,725.7,726.1,725.6,725.65
2021-08-16T14:44:00,725.8,726.15,725.65,725.8
2021-08-16T14:49:00,725.7,725.7,725.3,725.4
2021-08-16T14:54:00,725.2,725.4,724.9,725.1
2021-08-16T14:59:00,725.1,725.25,725.1,725.2
2021-08-16T15:04:00,725.25,725.25,724.6,724.95
2021-08-16T15:09:00,724.95,725.05,724.45,724.6
2021-08-16T15:14:00,724.65,724.7,724.4,724.7
2021-08-16T15:19:00,724.7,725.1,724.7,725.1
2021-08-16T15:24:00,725.1,725.3,724.8,724.95
2021-08-16T15:29:00,725,725.15,724.8,724.8
2021-08-16T15:33:00,724.8,724.8,724.5,724.65
2021-08-16T15:39:00,724.65,724.9,724.1,724.9
2021-08-16T15:44:00,724.8,724.8,724.5,724.5
2021-08-16T15:49:00,724.7,724.8,724.5,724.8
2021-08-16T15:54:00,724.85,725,724.7,724.7
2021-08-16T15:59:00,724.8,725,724.8,725
2021-08-16T16:04:00,725,725.35,725,725.35
2021-08-16T16:09:00,725.5,725.5,725.35,725.35
2021-08-16T16:14:00,725.5,725.55,725.4,725.4
2021-08-16T16:19:00,725.4,725.4,725.15,725.2
2021-08-16T16:24:00,725.15,725.3,724.9,725.05
2021-08-16T16:29:00,725.15,725.2,724.95,725
2021-08-16T16:34:00,725.2,725.2,724.95,725.05
2021-08-16T16:39:00,725.2,725.2,724.5,724.5
2021-08-16T16:44:00,724.65,724.75,724.6,724.7
2021-08-16T16:49:00,724.9,725.15,724.7,724.7
2021-08-16T16:54:00,724.6,724.6,723.15,723.65
2021-08-16T16:59:00,723.7,723.85,723.4,723.8
2021-08-16T17:04:00,723.85,724.5,723.5,724.2
2021-08-16T17:09:00,724.15,724.85,724.15,724.75
2021-08-16T17:14:00,724.7,725.2,724.6,725.2
2021-08-16T17:19:00,725.1,725.1,724.9,724.95
2021-08-16T17:24:00,725,725.5,724.9,725.5
2021-08-16T17:29:00,725.6,726.25,725.6,725.95
2021-08-16T17:34:00,725.95,726.25,725.05,725.35
2021-08-16T17:39:00,725.25,726,725.1,725.8
2021-08-16T17:44:00,725.5,727.1,725.5,726.25
2021-08-16T17:49:00,726.4,727.1,725.7,725.95
2021-08-16T17:54:00,725.8,726.4,725.3,726.4
2021-08-16T17:59:00,726.35,726.65,726.3,726.55
2021-08-16T18:04:00,726.55,726.6,726.1,726.6
2021-08-16T18:09:00,726.7,727.5,726.7,727.4
2021-08-16T18:14:00,727.35,727.8,727.35,727.65
2021-08-16T18:24:00,727.6,727.6,726.5,726.5
2021-08-16T18:29:00,726.5,727.4,726.5,727.3
2021-08-16T18:34:00,727.1,728.15,726.8,728.1
2021-08-16T18:39:00,728.3,729.25,727.75,728.95
2021-08-16T18:44:00,729,729.75,728.55,729.5
2021-08-16T18:49:00,729.5,729.5,728.65,728.75
2021-08-16T18:54:00,728.9,729.1,728.25,728.65
2021-08-16T18:59:00,728.8,728.85,728.5,728.65
2021-08-16T19:04:00,728.5,728.8,726.7,726.8
2021-08-16T19:09:00,726.7,727.7,726.7,727.45
2021-08-16T19:14:00,727.45,727.55,727.15,727.3
2021-08-16T19:19:00,727.4,727.65,726.8,726.8
2021-08-16T19:24:00,726.7,727.15,726.3,726.3
2021-08-16T19:29:00,726.65,726.65,725,725.45
2021-08-16T19:34:00,725.3,726.55,725.3,726.05
2021-08-16T19:39:00,726.2,726.55,725,725.45
2021-08-16T19:44:00,725.4,725.9,725.15,725.9
2021-08-16T19:49:00,726,726,724.6,724.6
2021-08-16T19:54:00,724.6,724.6,723.25,723.7
2021-08-16T19:59:00,723.9,724.2,722.45,723.1
2021-08-16T20:04:00,722.95,724,722.95,723.75
2021-08-16T20:09:00,723.8,724.6,723.8,724.6
2021-08-16T20:14:00,724.6,724.6,723.9,724
2021-08-16T20:19:00,723.9,724.25,723.9,724.2
2021-08-16T20:24:00,724.2,725.4,724.2,724.6
2021-08-16T20:29:00,724.2,724.8,724.2,724.3
2021-08-16T20:34:00,724.4,725.3,724.4,724.95
2021-08-16T20:39:00,724.85,725.05,724.65,725.05
2021-08-16T20:44:00,725.3,725.4,724.8,725.4
2021-08-16T20:49:00,725.6,725.7,725.4,725.5
2021-08-16T20:54:00,725.45,725.95,725,725
2021-08-16T20:59:00,725,725.5,725,725.25
2021-08-16T21:04:00,725.25,725.35,724.9,725.05
2021-08-16T21:09:00,725.05,725.7,725.05,725.7
2021-08-16T21:14:00,725.6,725.7,725.5,725.6
2021-08-16T21:19:00,725.65,725.7,725.15,725.4
2021-08-16T21:23:00,725.3,725.6,725.2,725.25
2021-08-16T21:29:00,725.25,725.85,725.25,725.85
2021-08-16T21:34:00,725.7,725.75,725.55,725.6
2021-08-16T21:39:00,725.6,725.7,725.5,725.5
2021-08-16T21:44:00,725.4,725.45,724.95,725.15
2021-08-16T22:14:00,725.2,725.7,724.7,725.55
2021-08-16T22:19:00,725.7,726.35,725.7,726.35
2021-08-16T22:24:00,726.35,726.5,726.15,726.15
2021-08-16T22:29:00,726.25,726.3,726,726
2021-08-16T22:34:00,726.1,726.45,726.1,726.25
2021-08-16T22:39:00,726.25,726.25,726.1,726.1
2021-08-16T22:44:00,726.1,726.1,725.85,726
2021-08-16T22:49:00,726.05,726.35,726,726.05
2021-08-16T22:54:00,726.05,726.05,725.8,725.8
2021-08-16T22:59:00,725.8,726.3,725.8,726.25
2021-08-16T23:04:00,726.15,726.2,725.8,726.15
2021-08-16T23:09:00,726.2,726.45,726.05,726.45
2021-08-16T23:14:00,726.25,726.7,726.25,726.65
2021-08-16T23:19:00,726.6,726.6,726.15,726.4
2021-08-16T23:24:00,726.35,726.6,726,726.2
2021-08-16T23:29:00,726.15,726.5,726.05,726.25
2021-08-16T23:29:00,726.45,726.5,726.2,726.25
2021-08-16T23:29:00,726.45,726.5,726.2,726.25
2021-08-16T23:29:00,726.45,726.5,726.2,726.25
2021-08-16T23:29:00,726.45,726.5,726.2,726.25
2021-08-16T23:29:00,726.45,726.5,726.2,726.25
2021-08-16T23:29:00,726.45,726.5,726.2,726.25
2021-08-16T23:29:00,726.45,726.5,726.2,726.25
2021-08-17T11:24:00,726.45,727.4,726.2,727
2021-08-17T11:29:00,727.2,727.2,726.7,727
2021-08-17T11:34:00,727.15,727.2,726.55,726.7
2021-08-17T11:39:00,726.7,727.2,726.7,726.9
2021-08-17T11:44:00,726.8,726.8,726.45,726.5
2021-08-17T11:49:00,726.9,726.95,726.4,726.85
2021-08-17T11:54:00,726.6,726.85,726.45,726.55
2021-08-17T11:59:00,726.3,726.6,726.1,726.6
2021-08-17T12:04:00,726.65,726.65,726.2,726.25
2021-08-17T12:09:00,726.3,726.55,725.15,725.5
2021-08-17T12:14:00,725.55,725.6,724.75,725
2021-08-17T12:19:00,724.9,724.95,724.45,724.5
2021-08-17T12:24:00,724.65,724.65,724,724
2021-08-17T12:29:00,724,724.6,724,724.6
2021-08-17T12:34:00,724.65,725.45,724.65,725.2
2021-08-17T12:39:00,725.2,725.2,724.3,724.95
2021-08-17T12:44:00,724.3,724.3,721.4,722.3
2021-08-17T12:54:00,722.45,722.95,722.4,722.65
2021-08-17T12:59:00,722.45,722.8,722.4,722.65
2021-08-17T13:04:00,722.7,722.7,722.35,722.5
2021-08-17T13:09:00,722.45,722.65,722.25,722.55
2021-08-17T13:14:00,722.3,722.45,722,722
2021-08-17T13:19:00,722,722,721.1,721.4
2021-08-17T13:24:00,721.55,722.35,721.55,721.65
2021-08-17T13:29:00,721.65,722.55,721.5,722.35
2021-08-17T13:34:00,722.35,723,722.35,722.55
2021-08-17T13:38:00,722.6,722.9,722.5,722.55
2021-08-17T13:44:00,722.7,722.85,722.55,722.7
2021-08-17T13:49:00,722.7,723,722.65,722.75
2021-08-17T13:54:00,722.7,722.7,722.25,722.4
2021-08-17T13:59:00,722.4,723.05,722.4,723.05
2021-08-17T14:04:00,723,723.25,722.95,723.1
2021-08-17T14:09:00,723.1,723.45,723.1,723.4
2021-08-17T14:14:00,723.3,723.8,723.25,723.3
2021-08-17T14:19:00,723.2,723.2,722.5,722.7
2021-08-17T14:24:00,722.65,722.65,722.15,722.35
2021-08-17T14:29:00,722.45,723.25,722.45,723.25
2021-08-17T14:34:00,723.25,723.35,722.75,722.75
2021-08-17T14:39:00,722.85,723,722.55,723
2021-08-17T14:43:00,723,723,722.6,722.7
2021-08-17T14:49:00,722.7,722.95,722.5,722.5
2021-08-17T14:59:00,722.5,723.8,722.5,723.55
2021-08-17T15:04:00,723.5,723.6,722.95,723.25
2021-08-17T15:09:00,723.25,723.35,723,723
2021-08-17T15:14:00,723.4,723.4,722.9,723
2021-08-17T15:19:00,722.9,723.25,722.75,723.25
2021-08-17T15:24:00,723.45,723.45,723.25,723.25
2021-08-17T15:29:00,723.3,723.55,723.25,723.25
2021-08-17T15:34:00,723.25,723.25,722.8,722.9
2021-08-17T15:39:00,723,723.5,722.8,723.35
2021-08-17T15:43:00,723.4,723.6,723.25,723.25
2021-08-17T15:49:00,723.35,723.5,723.2,723.45
2021-08-17T15:54:00,723.5,723.75,723.5,723.6
2021-08-17T15:59:00,723.6,723.6,722.85,722.85
2021-08-17T16:04:00,723,723.4,723,723.2
2021-08-17T16:09:00,723.2,723.2,722.55,722.7
2021-08-17T18:04:00,722.7,723.15,713.05,713.35
2021-08-17T18:09:00,713.55,714,713.05,713.45
2021-08-17T18:14:00,713.55,714,713.05,713.85
2021-08-17T18:24:00,714,714.5,713.45,714.5
2021-08-17T18:39:00,715.55,717.95,715.55,717.7
2021-08-17T18:44:00,717.8,717.8,716.75,717.25
2021-08-17T18:49:00,717.15,717.15,715.6,716.25
2021-08-17T20:09:00,716.3,716.4,713.85,713.95
2021-08-17T20:14:00,714,714.95,713.75,714.9
2021-08-17T20:19:00,715,715,714.3,714.75
2021-08-17T20:24:00,714.75,715.25,714.5,715.2
2021-08-17T20:29:00,715.2,715.35,714.7,714.75
2021-08-17T20:34:00,714.8,714.8,714.1,714.45
2021-08-17T20:39:00,714.4,715,714.2,715
2021-08-17T20:44:00,715,715.15,714.8,715.1
2021-08-17T20:49:00,715.1,715.25,714.3,714.45
2021-08-17T20:54:00,714.7,714.9,714.55,714.85
2021-08-17T20:59:00,714.75,714.75,714,714.15
2021-08-17T21:14:00,713.35,713.4,712.05,712.2
2021-08-17T21:19:00,712.2,712.2,711.35,711.7
2021-08-17T21:24:00,711.7,712.3,711.4,712
2021-08-17T21:29:00,712.05,712.1,711.5,711.5
2021-08-17T21:34:00,711.9,711.9,710.05,710.5
2021-08-17T22:29:00,710.65,710.7,710.2,710.7
2021-08-18T11:04:00,709.85,715.3,709.85,714.7
2021-08-18T11:09:00,714.6,714.65,714.25,714.55
2021-08-18T11:14:00,714.5,714.5,713.55,713.65
2021-08-18T11:19:00,713.4,713.6,713.1,713.15
2021-08-18T11:24:00,713.1,713.3,712.35,712.75
2021-08-18T11:29:00,712.75,713.3,712.5,712.8
2021-08-18T11:34:00,712.85,713.25,712.85,712.9
2021-08-18T11:39:00,712.8,713,712.6,712.6
2021-08-18T11:44:00,712.5,712.5,711.8,712.1
2021-08-18T11:49:00,712,712.1,711.65,711.65
2021-08-18T11:54:00,711.8,712.15,711.5,712.1
2021-08-18T12:19:00,710.9,711.6,710.9,711.45
2021-08-18T12:24:00,711.55,711.95,711.55,711.95
2021-08-18T12:29:00,711.9,711.9,711.15,711.6
2021-08-18T12:34:00,711.9,712.15,711.55,711.6
2021-08-18T12:39:00,711.7,711.7,710.7,711
2021-08-18T12:44:00,710.9,711.1,710.6,710.7
2021-08-18T13:34:00,710.7,712.8,710.6,712.8
2021-08-18T13:39:00,713,713.6,713,713.2
2021-08-18T13:44:00,713.15,713.15,712.1,712.1
2021-08-18T13:49:00,712.25,712.25,711,711.5
2021-08-18T13:54:00,711.4,711.6,711,711.15
2021-08-18T13:59:00,711.1,711.1,710.4,710.85
2021-08-18T14:04:00,710.9,710.9,710.1,710.3
2021-08-18T14:09:00,710.2,710.8,710.15,710.5
2021-08-18T15:09:00,710.75,710.75,707.7,707.9
2021-08-18T15:14:00,708,708.2,707.3,707.55
2021-08-18T15:19:00,707.55,707.65,706.9,707.3
2021-08-18T15:24:00,707.2,707.2,705.7,705.8
2021-08-18T15:29:00,705.8,705.95,704.75,704.85
2021-08-18T15:34:00,704.95,704.95,703.3,704.4
2021-08-18T15:39:00,704.4,704.4,702.8,703.35
2021-08-18T15:44:00,703.45,704.25,703.35,704.05
2021-08-18T15:49:00,704,704,703.3,703.5
2021-08-18T15:54:00,703.6,703.7,702.65,703.2
2021-08-18T15:59:00,703.05,703.2,702.6,702.9
2021-08-18T16:04:00,702.85,704.7,702.85,704.5
2021-08-18T16:09:00,704.5,704.5,703.8,704.3
2021-08-18T16:14:00,704.25,705.1,704.25,705.1
2021-08-18T16:19:00,705.25,705.75,704.8,705.7
2021-08-18T16:24:00,705.7,705.75,704.95,705.25
2021-08-18T16:29:00,704.95,705.15,704.85,705
2021-08-18T16:34:00,705.05,705.05,704.75,704.9
2021-08-18T16:39:00,704.8,704.9,704.25,704.25
2021-08-18T17:29:00,704.4,704.4,703.1,703.25
2021-08-18T17:34:00,703.35,703.7,703.35,703.7
2021-08-18T17:39:00,703.55,704.2,703.55,703.75
2021-08-18T17:44:00,703.95,704.3,700.45,700.7
2021-08-18T17:49:00,700.6,701.9,699.4,701.15
2021-08-18T17:54:00,701.4,702.3,701,701.45
2021-08-18T17:59:00,701.3,701.55,701.15,701.4
2021-08-18T18:04:00,701.3,703.4,701.3,702.2
2021-08-18T18:09:00,702,702.95,702,702.3
2021-08-18T18:14:00,702.5,703.05,702.25,703.05
2021-08-18T18:19:00,703,703.7,702.95,703.6
2021-08-18T18:24:00,703.7,704.35,702.9,704.05
2021-08-18T18:29:00,704.1,705.7,704.1,705.55
2021-08-18T18:34:00,705.35,705.35,703.7,704.6
2021-08-18T18:39:00,704.15,704.55,703.75,704.55
2021-08-18T18:44:00,704.65,704.65,704.2,704.5
2021-08-18T18:49:00,704.45,704.65,703.6,704
2021-08-18T18:54:00,704,704.15,703,703.3
2021-08-18T18:59:00,703.4,703.4,701.1,701.35
2021-08-18T19:04:00,701.3,702.3,700.95,701.8
2021-08-18T19:09:00,701.8,702.7,701.3,701.4
2021-08-18T19:14:00,701.5,702.3,701.2,701.9
2021-08-18T19:19:00,701.9,701.9,700.8,700.85
2021-08-18T19:24:00,700.9,701.75,700.8,701.3
2021-08-18T19:29:00,701,702.25,700.8,702
2021-08-18T19:34:00,702,702,700.95,701.25
2021-08-18T19:39:00,701.15,701.15,699.5,699.65
2021-08-18T19:44:00,699.5,700,698.2,698.3
2021-08-18T19:49:00,698.2,699,697.7,698.35
2021-08-18T19:54:00,698.3,699.55,698.2,698.85
2021-08-18T19:59:00,698.85,698.85,696.4,697.1
2021-08-18T20:04:00,697.05,697.05,695.5,695.85
2021-08-18T20:09:00,695.95,695.95,693.65,694.3
2021-08-18T20:14:00,694.2,694.2,692.1,692.95
2021-08-18T20:19:00,692.7,695.5,692.15,694.45
2021-08-18T20:24:00,694.35,695.05,694,694.1
2021-08-18T20:29:00,694.05,694.1,693.4,694
2021-08-18T20:34:00,693.9,695.7,693.9,695.6
2021-08-18T20:39:00,695.6,696.25,695.45,695.6
2021-08-18T20:44:00,695.9,695.9,694.3,694.3
2021-08-18T20:49:00,694.25,694.6,694.1,694.6
2021-08-18T20:54:00,694.8,695.2,694.65,694.8
2021-08-18T20:59:00,694.8,695.2,694.55,695
2021-08-18T21:04:00,695,695,694.35,694.35
2021-08-18T21:09:00,694.3,694.3,693.7,693.75
2021-08-18T21:14:00,693.9,694,693.35,693.5
2021-08-18T21:19:00,693.2,694.25,693.2,694.25
2021-08-18T21:24:00,694.35,694.35,693.65,694.2
2021-08-18T21:29:00,694.25,694.6,693.85,694.15
2021-08-18T21:34:00,694,694.35,693.9,694.1
2021-08-18T21:39:00,694.05,694.25,693.85,693.9
2021-08-18T21:44:00,694,694,693.75,693.75
2021-08-18T21:49:00,693.75,693.75,693.3,693.45
2021-08-18T21:54:00,693.35,693.65,693,693.1
2021-08-18T21:59:00,693,693.45,692.8,693.3
2021-08-18T22:04:00,693.3,693.95,693.25,693.85
2021-08-18T22:09:00,693.9,694.2,693.8,694.1
2021-08-18T22:14:00,694.2,694.6,694.1,694.15
2021-08-18T22:19:00,694.15,694.9,694.15,694.7
2021-08-18T22:24:00,694.7,694.8,694.4,694.4
2021-08-18T22:29:00,694.45,695.8,694.05,695.8
2021-08-18T22:34:00,695.8,695.8,695,695.6
2021-08-18T22:39:00,695.6,695.6,694.9,695.15
2021-08-18T22:44:00,695.1,695.2,695,695
2021-08-18T22:49:00,695,695.35,695,695.25
2021-08-18T22:54:00,695.1,695.45,694.95,695.25
2021-08-19T17:14:00,695.2,695.45,674.5,676
2021-08-19T17:19:00,676.15,676.8,675.7,676.75
2021-08-19T17:24:00,676.8,676.8,675.3,675.35
2021-08-19T17:29:00,675.45,675.65,675.2,675.6
2021-08-19T17:34:00,675.55,675.9,674.8,675.35
2021-08-19T17:39:00,675.45,676.6,674.95,676.6
2021-08-19T17:44:00,676.4,678.4,676.4,677.85
2021-08-19T17:49:00,677.85,678.3,677.5,677.8
2021-08-19T17:54:00,677.65,679.25,677.65,679
2021-08-19T17:59:00,679,679,677.75,678.2
2021-08-19T18:04:00,678.15,678.6,678.05,678.1
2021-08-19T18:09:00,678.2,678.65,677.75,678.6
2021-08-19T18:14:00,678.45,678.5,677.85,678.3
2021-08-19T18:19:00,678.4,678.4,676.55,677
2021-08-19T18:24:00,677.2,677.8,676.9,677.8
2021-08-19T18:29:00,677.95,679.9,677.95,678.9
2021-08-19T18:34:00,679.8,680.5,678.55,680.1
2021-08-19T18:39:00,680.1,681.7,678.8,680.55
2021-08-19T18:44:00,680.65,683.25,680.65,683
2021-08-19T18:49:00,683.15,684.3,682.45,682.65
2021-08-19T18:54:00,682.5,683.8,681.85,682.3
2021-08-19T20:44:00,682.3,683.5,681.3,681.35
2021-08-19T20:49:00,681.6,682.45,681.6,682.35
2021-08-19T20:54:00,682.3,682.65,681.75,682.05
2021-08-19T20:59:00,682,682.4,681.25,681.35
2021-08-19T21:04:00,681.5,681.7,681.1,681.4
2021-08-19T21:09:00,681.3,682,681.15,682
2021-08-19T22:14:00,681.5,682.75,681.5,682.65
2021-08-19T22:19:00,682.7,683.3,682.65,683.3
2021-08-19T22:24:00,683.2,683.35,683.1,683.2
2021-08-19T22:29:00,683.25,683.3,682.75,682.9
2021-08-19T22:34:00,682.9,683,682.45,682.5
2021-08-19T22:39:00,682.6,683.15,682.3,683
2021-08-19T22:44:00,683,683.25,682.8,683.2
2021-08-19T22:49:00,683.2,683.5,683.2,683.45
2021-08-19T22:54:00,683.3,684.8,683.3,684.6
2021-08-19T22:59:00,684.6,684.75,684.1,684.2
2021-08-19T23:04:00,684.2,684.4,683.6,683.7
2021-08-19T23:09:00,683.7,684.2,683.45,684.2
2021-08-19T23:14:00,684.1,684.6,684.1,684.4
2021-08-19T23:19:00,684.5,684.65,684.3,684.5
2021-08-19T23:24:00,684.55,685.05,684.45,684.45
2021-08-19T23:29:00,684.45,686,684.25,684.8
2021-08-19T23:29:00,684.5,686,684.5,684.8
2021-08-19T23:29:00,684.5,686,684.5,684.8
2021-08-19T23:29:00,684.5,686,684.5,684.8
2021-08-19T23:29:00,684.5,686,684.5,684.8
2021-08-19T23:29:00,684.5,686,684.5,684.8
2021-08-19T23:29:00,684.5,686,684.5,684.8
2021-08-19T23:29:00,684.5,686,684.5,684.8
2021-08-19T23:29:00,684.5,686,684.5,684.8
2021-08-19T23:29:00,684.5,686,684.5,684.8
2021-08-19T23:29:00,684.5,686,684.5,684.8
2021-08-19T23:29:00,684.5,686,684.5,684.8
2021-08-19T23:29:00,684.5,686,684.5,684.8
2021-08-19T23:29:00,684.5,686,684.5,684.8
2021-08-19T23:29:00,684.5,686,684.5,684.8
2021-08-19T23:29:00,684.5,686,684.5,684.8
2021-08-19T23:29:00,684.5,686,684.5,684.8
2021-08-19T23:29:00,684.5,686,684.5,684.8
2021-08-19T23:29:00,684.5,686,684.5,684.8
2021-08-19T23:29:00,684.5,686,684.5,684.8
2021-08-19T23:29:00,684.5,686,684.5,684.8
2021-08-19T23:29:00,684.5,686,684.5,684.8
2021-08-19T23:29:00,684.5,686,684.5,684.8
2021-08-19T23:29:00,684.5,686,684.5,684.8
2021-08-19T23:29:00,684.5,686,684.5,684.8
2021-08-19T23:29:00,684.5,686,684.5,684.8
2021-08-19T23:29:00,684.5,686,684.5,684.8
2021-08-19T23:29:00,684.5,686,684.5,684.8
2021-08-19T23:29:00,684.5,686,684.5,684.8
2021-08-19T23:29:00,684.5,686,684.5,684.8
2021-08-19T23:29:00,684.5,686,684.5,684.8
2021-08-19T23:29:00,684.5,686,684.5,684.8
2021-08-19T23:29:00,684.5,686,684.5,684.8
2021-08-19T23:29:00,684.5,686,684.5,684.8
2021-08-20T10:49:00,684.5,691.85,684.5,691.35
2021-08-20T10:54:00,691.3,692.1,691.3,692.1
2021-08-20T10:59:00,692.05,692.45,691.85,692.45
2021-08-20T11:04:00,692.2,692.25,691.5,692
2021-08-20T11:09:00,692,692,690.5,690.65
2021-08-20T11:14:00,690.5,691,690.25,690.9
2021-08-20T11:19:00,690.95,692.05,690.95,692
2021-08-20T11:24:00,692.2,692.85,692.2,692.65
2021-08-20T11:29:00,692.65,693,692.2,692.65
2021-08-20T11:34:00,692.65,694.2,692.5,694.2
2021-08-20T11:39:00,694.2,694.9,693.65,694.3
2021-08-20T11:44:00,694.35,694.5,693.7,693.8
2021-08-20T11:49:00,693.9,694.3,693.85,694.1
2021-08-20T11:54:00,694.2,695.5,694,695
2021-08-20T11:59:00,695,695.35,694.6,694.6
2021-08-20T12:04:00,694.4,694.7,694.25,694.4
2021-08-20T12:09:00,694.2,694.4,693.35,694.4
2021-08-20T12:14:00,694.15,694.15,693.2,693.4
2021-08-20T12:19:00,693.25,693.35,692.5,693.05
2021-08-20T12:24:00,693,693,692.15,692.55
2021-08-20T12:29:00,692.5,692.55,691.6,691.6
2021-08-20T12:34:00,691.7,692.1,690.5,690.65
2021-08-20T12:39:00,690.75,690.75,689.5,690.5
2021-08-20T12:44:00,690.5,691.3,690.45,691.2
2021-08-20T12:49:00,691.1,691.65,691.1,691.4
2021-08-20T12:54:00,691.4,692,691.35,691.45
2021-08-20T12:59:00,691.4,691.45,690.8,691.2
2021-08-20T13:04:00,691,691.8,690.75,691.6
2021-08-20T13:34:00,691.8,691.8,690.8,690.8
2021-08-20T13:39:00,690.75,691,690.1,690.35
2021-08-20T13:44:00,690.25,690.25,689.6,689.7
2021-08-20T13:49:00,689.6,689.8,688.75,689.05
2021-08-20T13:54:00,689.05,689.55,688.2,688.8
2021-08-20T13:59:00,688.8,689.2,688.3,688.9
2021-08-20T14:04:00,689.1,689.1,687.9,688.25
2021-08-20T14:09:00,688.3,688.8,688.2,688.65
2021-08-20T14:14:00,688.65,689.8,688.6,689.05
2021-08-20T14:19:00,689,689.55,688.8,689.55
2021-08-20T14:24:00,689.55,689.55,688.85,689.4
2021-08-20T14:29:00,689.25,689.8,689.25,689.6
2021-08-20T14:34:00,689.55,689.75,689.05,689.75
2021-08-20T14:39:00,689.75,690.05,689.55,689.6
2021-08-20T14:44:00,689.75,689.75,688.95,689
2021-08-20T14:49:00,688.8,689.35,688.8,689.15
2021-08-20T14:54:00,689.25,689.5,689.25,689.5
2021-08-20T14:59:00,689.5,689.55,689,689.55
2021-08-20T15:04:00,689.7,690,689.3,690
2021-08-20T15:09:00,690,691.15,690,690.5
2021-08-20T15:14:00,690.65,690.85,690.3,690.65
2021-08-20T15:19:00,690.9,690.9,690.1,690.15
2021-08-20T15:24:00,690.15,690.35,689.75,690
2021-08-20T15:29:00,689.95,689.95,689.4,689.75
2021-08-20T15:49:00,690,690,688.8,688.85
2021-08-20T15:54:00,688.7,688.8,688.5,688.55
2021-08-20T15:59:00,688.55,689.3,688.55,689.25
2021-08-20T16:04:00,689.15,689.25,689,689.2
2021-08-20T16:09:00,689,689,688.65,688.75
2021-08-20T16:14:00,688.75,689,688.75,689
2021-08-20T16:19:00,688.9,689,688.5,688.5
2021-08-20T16:24:00,688.55,688.8,688.35,688.55
2021-08-20T16:29:00,688.55,688.7,688.1,688.2
2021-08-20T16:34:00,688.3,688.3,686.65,687
2021-08-20T16:39:00,687,687.85,687,687.65
2021-08-20T16:44:00,687.6,687.7,687.3,687.5
2021-08-20T16:49:00,687.7,688.25,687.6,688.1
2021-08-20T16:54:00,688,689.15,688,688.9
2021-08-20T16:59:00,688.9,689.8,688.9,689.6
2021-08-20T17:04:00,689.65,689.7,688.85,689.4
2021-08-20T17:09:00,689.15,689.55,688.9,689.5
2021-08-20T17:14:00,689.6,690.2,689.6,689.95
2021-08-20T17:19:00,689.7,690.35,689.55,690.2
2021-08-20T17:24:00,690.2,690.65,690.15,690.5
2021-08-20T17:29:00,690.35,690.45,689.9,689.9
2021-08-20T17:34:00,690,691.8,689.95,691.7
2021-08-20T17:39:00,691.7,691.7,690.8,691
2021-08-20T17:44:00,690.95,690.95,689.3,689.45
2021-08-20T17:49:00,689.6,690.6,689.6,690.55
2021-08-20T17:54:00,690.55,690.55,689.5,689.5
2021-08-20T17:59:00,689.35,689.35,688.35,688.9
2021-08-20T18:04:00,689,689,688.5,689
2021-08-23T12:54:00,701.9,702,701.2,701.6
2021-08-23T12:59:00,701.25,701.25,700.5,700.8
2021-08-23T13:04:00,700.4,701.5,700.4,701.5
2021-08-23T13:09:00,701.5,702.1,701.45,701.85
2021-08-23T13:14:00,701.85,702.45,701.85,701.9
2021-08-23T13:19:00,702,703,702,702.9
2021-08-23T13:44:00,702.55,703.3,702,703.2
2021-08-23T13:49:00,703.35,705.15,703.35,705.15
2021-08-23T13:54:00,705.25,706,705.25,705.5
2021-08-23T13:59:00,705.75,706.2,705.55,705.65
2021-08-23T14:04:00,705.65,706.9,705.65,706.6
2021-08-23T14:09:00,706.7,706.8,706.3,706.4
2021-08-23T14:14:00,706.4,708.4,706.4,708.2
2021-08-23T14:19:00,708.25,708.25,707.35,707.5
2021-08-23T14:24:00,707.4,707.45,706.9,706.95
2021-08-23T14:29:00,707,707.75,707,707.35
2021-08-23T14:34:00,707.4,707.65,706.75,707.65
2021-08-23T14:39:00,707.75,709,707.6,708.35
2021-08-23T14:44:00,708.35,709.8,708.35,708.85
2021-08-23T14:49:00,708.9,708.9,708.35,708.85
2021-08-23T14:54:00,708.9,708.9,708.1,708.15
2021-08-23T14:59:00,708.2,708.85,707.45,707.6
2021-08-23T15:04:00,707.45,708.6,707.45,708.15
2021-08-23T15:09:00,708.45,708.45,707.7,707.7
2021-08-23T15:14:00,707.7,708.15,707.7,707.75
2021-08-23T15:19:00,707.9,707.95,707.6,707.7
2021-08-23T15:24:00,707.7,707.95,707.5,707.8
2021-08-23T15:29:00,707.8,707.8,707.15,707.5
2021-08-23T15:34:00,707.45,707.9,707.35,707.5
2021-08-23T15:39:00,707.5,707.6,707.2,707.5
2021-08-23T15:44:00,707.5,707.7,707.5,707.5
2021-08-23T15:49:00,707.5,707.5,707.3,707.35
2021-08-23T15:54:00,707.2,707.5,707.2,707.2
2021-08-23T15:59:00,707.15,707.45,706.8,706.85
2021-08-23T16:04:00,706.85,706.9,706.1,706.3
2021-08-23T16:09:00,706.5,706.95,706.5,706.75
2021-08-23T16:14:00,706.75,706.75,706.15,706.15
2021-08-23T16:19:00,706.15,706.6,705.8,706.55
2021-08-23T16:24:00,706.5,708.5,706.5,707.8
2021-08-23T16:29:00,707.75,707.75,707.3,707.5
2021-08-23T16:59:00,708,708,706.55,706.6
2021-08-23T17:04:00,706.65,707.25,706.65,707.1
2021-08-23T17:09:00,707.2,707.7,707.2,707.5
2021-08-23T17:14:00,707.5,708.35,707.5,708.3
2021-08-23T17:19:00,708.35,708.35,707.5,707.5
2021-08-23T17:24:00,707.5,707.6,706.65,706.9
2021-08-23T17:29:00,707,707.05,706.4,706.7
2021-08-23T17:34:00,706.55,706.55,705.15,705.75
2021-08-23T17:39:00,705.8,707.55,705.8,707.1
2021-08-23T17:44:00,707.3,707.3,706.75,707.1
2021-08-23T17:49:00,707.5,707.85,707.45,707.8
2021-08-23T17:54:00,707.75,707.8,707.2,707.35
2021-08-23T17:59:00,707.25,709.35,707.25,709.1
2021-08-23T18:04:00,709.3,710.2,709.1,709.2
2021-08-23T18:09:00,709.3,709.3,708.4,708.8
2021-08-23T18:14:00,708.8,709,708.4,708.65
2021-08-23T18:19:00,708.65,708.8,708.45,708.8
2021-08-23T18:24:00,708.8,709.15,708.6,709.1
2021-08-23T18:29:00,709.1,709.15,707.5,708.8
2021-08-23T18:34:00,708.85,708.85,706.6,707.55
2021-08-23T18:39:00,707.3,708.1,706.35,706.8
2021-08-23T18:44:00,706.8,707,706.05,706.8
2021-08-23T18:49:00,706.85,707.3,706.2,706.85
2021-08-23T18:54:00,706.5,707.4,706.2,707
2021-08-23T18:59:00,707,707.1,706.3,706.55
2021-08-23T19:04:00,706.4,708.5,706.4,707.75
2021-08-23T19:09:00,708.2,708.45,707.1,707.6
2021-08-23T19:14:00,707.8,708.4,707.8,708.05
2021-08-23T19:19:00,708.25,708.25,707.35,707.5
2021-08-23T19:24:00,707.7,709.25,707.5,709.25
2021-08-23T19:29:00,709.3,709.75,708.6,708.6
2021-08-23T19:34:00,708.8,708.8,708.2,708.3
2021-08-23T19:39:00,708.55,709.15,708.55,708.6
2021-08-23T19:44:00,708.65,709.6,708.65,709.5
2021-08-23T19:49:00,709.45,710.9,709.15,709.15
2021-08-23T19:54:00,709.45,710,709.3,709.85
2021-08-23T19:59:00,709.4,709.4,708.65,708.9
2021-08-23T20:04:00,708.95,708.95,707.85,708.6
2021-08-23T20:09:00,708.45,708.55,707.7,707.7
2021-08-23T20:14:00,707.7,708.5,707.7,708.25
2021-08-23T20:19:00,708.15,708.5,707.35,707.75
2021-08-23T20:24:00,707.8,707.9,707.5,707.5
2021-08-23T20:34:00,708.35,709.1,707.9,708.75
2021-08-23T20:39:00,708.85,708.85,708.1,708.1
2021-08-23T20:44:00,708.45,708.45,708.15,708.15
2021-08-23T20:49:00,708,708.15,707.6,707.7
2021-08-23T20:54:00,707.75,709.45,707.75,709.25
2021-08-23T20:59:00,709.1,709.25,708.6,709.2
2021-08-23T21:04:00,709.4,709.95,709.3,709.45
2021-08-23T21:09:00,709.5,709.8,709.4,709.8
2021-08-23T21:14:00,709.8,710.4,709.6,710.15
2021-08-23T21:19:00,710.05,710.95,710.05,710.5
2021-08-23T21:24:00,710.45,711.3,710.1,711
2021-08-23T21:29:00,711,711,709.8,710.4
2021-08-23T21:34:00,710.5,710.95,710.5,710.9
2021-08-23T21:39:00,710.9,711.15,709.9,709.9
2021-08-23T21:44:00,709.75,709.9,709.45,709.65
2021-08-23T21:49:00,709.9,710.15,709.55,709.85
2021-08-23T21:54:00,709.85,710.1,709.2,709.4
2021-08-23T21:59:00,709.3,709.85,709.1,709.45
2021-08-23T22:04:00,709.45,709.55,708.95,709.3
2021-08-23T22:09:00,709.25,709.65,708.95,709.65
2021-08-23T22:14:00,709.65,710.4,709.5,709.5
2021-08-23T22:19:00,709.7,709.7,709.2,709.45
2021-08-23T22:24:00,709.25,709.5,709.25,709.25
2021-08-23T22:29:00,709.3,709.65,709.3,709.5
2021-08-23T22:34:00,709.3,710,709.05,709.7
2021-08-23T22:39:00,709.6,709.8,709.6,709.7
2021-08-23T22:44:00,709.8,709.95,709.7,709.8
2021-08-23T22:49:00,709.8,709.8,709.3,709.45
2021-08-23T22:59:00,709.25,709.5,709.05,709.5
2021-08-23T23:04:00,709.2,709.9,709.1,709.9
2021-08-23T23:09:00,709.75,709.75,709.4,709.55
2021-08-23T23:14:00,709.75,709.8,709.55,709.6
2021-08-23T23:19:00,709.65,710.05,709.65,709.95
2021-08-23T23:24:00,709.9,709.9,709.45,709.45
2021-08-23T23:29:00,709.5,710,709,709.1
2021-08-23T23:29:00,709.05,710,709.05,709.1
2021-08-23T23:29:00,709.05,710,709.05,709.1
2021-08-23T23:29:00,709.05,710,709.05,709.1
2021-08-23T23:29:00,709.05,710,709.05,709.1
2021-08-23T23:29:00,709.05,710,709.05,709.1
2021-08-23T23:29:00,709.05,710,709.05,709.1
2021-08-23T23:29:00,709.05,710,709.05,709.1
2021-08-23T23:29:00,709.05,710,709.05,709.1
2021-08-23T23:29:00,709.05,710,709.05,709.1
2021-08-23T23:29:00,709.05,710,709.05,709.1
2021-08-23T23:29:00,709.05,710,709.05,709.1
2021-08-23T23:29:00,709.05,710,709.05,709.1
2021-08-23T23:29:00,709.05,710,709.05,709.1
2021-08-23T23:29:00,709.05,710,709.05,709.1
2021-08-23T23:29:00,709.05,710,709.05,709.1
2021-08-23T23:29:00,709.05,710,709.05,709.1
2021-08-23T23:29:00,709.05,710,709.05,709.1
2021-08-23T23:29:00,709.05,710,709.05,709.1
2021-08-23T23:29:00,709.05,710,709.05,709.1
2021-08-23T23:29:00,709.05,710,709.05,709.1
2021-08-23T23:29:00,709.05,710,709.05,709.1
2021-08-23T23:29:00,709.05,710,709.05,709.1
2021-08-23T23:29:00,709.05,710,709.05,709.1
2021-08-23T23:29:00,709.05,710,709.05,709.1
2021-08-23T23:29:00,709.05,710,709.05,709.1
2021-08-23T23:29:00,709.05,710,709.05,709.1
2021-08-23T23:29:00,709.05,710,709.05,709.1
2021-08-23T23:29:00,709.05,710,709.05,709.1
2021-08-23T23:29:00,709.05,710,709.05,709.1
2021-08-23T23:29:00,709.05,710,709.05,709.1
2021-08-23T23:29:00,709.05,710,709.05,709.1
2021-08-23T23:29:00,709.05,710,709.05,709.1
2021-08-23T23:29:00,709.05,710,709.05,709.1
2021-08-23T23:29:00,709.05,710,709.05,709.1
2021-08-23T23:29:00,709.05,710,709.05,709.1
2021-08-23T23:29:00,709.05,710,709.05,709.1
2021-08-23T23:29:00,709.05,710,709.05,709.1
2021-08-23T23:29:00,709.05,710,709.05,709.1
2021-08-23T23:29:00,709.05,710,709.05,709.1
2021-08-23T23:29:00,709.05,710,709.05,709.1
2021-08-23T23:29:00,709.05,710,709.05,709.1
2021-08-23T23:29:00,709.05,710,709.05,709.1
2021-08-23T23:29:00,709.05,710,709.05,709.1
2021-08-23T23:29:00,709.05,710,709.05,709.1
2021-08-23T23:29:00,709.05,710,709.05,709.1
2021-08-23T23:29:00,709.05,710,709.05,709.1
2021-08-23T23:29:00,709.05,710,709.05,709.1
2021-08-23T23:29:00,709.05,710,709.05,709.1
2021-08-24T16:19:00,709.05,712.25,709.05,711.85
2021-08-24T16:24:00,711.9,711.9,711.2,711.4
2021-08-24T16:29:00,711.45,711.6,711.15,711.15
2021-08-24T16:34:00,711.4,711.4,710.9,711.35
2021-08-24T16:39:00,711.5,711.5,711.25,711.3
2021-08-24T16:44:00,711.15,711.3,710.75,711.2
2021-08-24T16:49:00,711.15,713,711.15,711.85
2021-08-24T16:54:00,711.75,712.15,711.75,712
2021-08-24T16:59:00,712.1,712.2,711.75,711.8
2021-08-24T17:04:00,711.75,711.75,711,711
2021-08-24T17:09:00,711.4,712.6,711.4,712
2021-08-24T17:14:00,712.35,713,712.2,712.9
2021-08-24T17:19:00,712.75,713.45,712.3,713.35
2021-08-24T17:24:00,713.35,713.9,713.3,713.6
2021-08-24T17:29:00,713.5,715.3,713.5,714.9
2021-08-24T17:34:00,714.9,714.9,713.55,713.95
2021-08-24T17:39:00,713.95,714.35,713.8,713.8
2021-08-24T17:44:00,713.9,713.9,712.9,713.6
2021-08-24T17:49:00,713.6,714.3,713.6,714.05
2021-08-24T17:54:00,714.15,714.15,712.45,713.15
2021-08-24T17:59:00,712.7,713.9,712.7,713.5
2021-08-24T18:04:00,713.6,713.65,713.35,713.5
2021-08-24T18:09:00,713.4,713.4,712.5,712.6
2021-08-24T18:14:00,712.95,713.2,712.65,712.75
2021-08-24T18:24:00,711.65,713,711.65,712.35
2021-08-24T18:29:00,712.45,713.35,712.4,712.75
2021-08-24T18:34:00,713.05,713.55,712.6,713.3
2021-08-24T18:39:00,713.55,713.9,713.25,713.25
2021-08-24T18:44:00,713.5,713.5,712.3,712.45
2021-08-24T18:49:00,712.45,716,712.45,715.2
2021-08-24T18:54:00,715.55,715.55,714.9,715.4
2021-08-24T18:59:00,715.35,716.5,715.35,716.25
2021-08-24T19:04:00,716.15,716.4,714.8,715.3
2021-08-24T19:09:00,715.4,716.75,715.4,716.55
2021-08-24T19:14:00,716.65,716.65,715.9,715.9
2021-08-24T19:19:00,716.15,716.95,716.15,716.5
2021-08-24T19:24:00,716.45,716.75,715.75,716
2021-08-24T19:29:00,716,716.55,716,716.35
2021-08-24T19:34:00,716.5,717.25,716.25,716.25
2021-08-24T19:39:00,716.4,717,716.4,716.9
2021-08-24T19:44:00,716.7,717.15,716.7,717.1
2021-08-24T19:49:00,716.9,717.35,716.65,716.65
2021-08-24T19:54:00,716.7,716.7,716.2,716.4
2021-08-24T19:59:00,716.25,717,716.25,717
2021-08-24T20:04:00,717.1,717.45,717,717
2021-08-24T20:09:00,716.95,716.95,716.4,716.9
2021-08-24T20:14:00,716.75,717.05,716.45,716.45
2021-08-24T20:19:00,716.5,716.55,716,716.2
2021-08-24T20:24:00,716.25,716.25,714.9,715.25
2021-08-24T20:29:00,715.25,716.05,715.25,715.7
2021-08-24T20:34:00,715.5,715.7,715.1,715.25
2021-08-24T20:39:00,715.2,715.6,714.75,715.55
2021-08-24T20:44:00,715.55,716.15,715.55,716.15
2021-08-24T20:49:00,716.15,716.25,715.8,715.8
2021-08-24T20:54:00,715.8,715.8,715.1,715.1
2021-08-24T20:59:00,715,715.5,715,715.3
2021-08-24T21:04:00,715.4,715.55,714.8,715.1
2021-08-24T21:09:00,715.1,715.1,714.3,714.55
2021-08-24T21:14:00,714.6,714.9,714.25,714.25
2021-08-24T21:19:00,714.2,714.3,713.5,713.75
2021-08-24T21:24:00,713.5,713.5,712.75,712.9
2021-08-24T21:29:00,712.9,713.5,712.5,713.4
2021-08-24T21:34:00,713.15,713.95,712.95,713.05
2021-08-24T21:39:00,712.95,714.1,712.95,713.75
2021-08-24T21:44:00,713.7,714.7,713.7,714.25
2021-08-24T21:49:00,714,714.4,713.8,714
2021-08-24T21:54:00,713.7,713.7,712.6,713.15
2021-08-24T21:59:00,713.1,713.35,713,713.05
2021-08-24T22:04:00,713.35,713.6,712.8,712.9
2021-08-24T22:09:00,712.85,712.85,712.2,712.4
2021-08-24T22:14:00,712.25,712.3,711.9,712.2
2021-08-24T22:19:00,712.45,712.45,711.85,711.85
2021-08-24T22:24:00,712.1,712.8,712.1,712.45
2021-08-24T22:29:00,712.3,712.4,712,712.2
2021-08-24T22:34:00,711.9,712.85,711.9,712.8
2021-08-24T22:39:00,712.95,713.3,712.8,713
2021-08-24T22:44:00,713,713,712.65,712.75
2021-08-24T22:49:00,712.85,713,711.95,712.25
2021-08-24T22:54:00,712.15,712.5,712,712
2021-08-24T22:59:00,712.15,712.5,712,712.5
2021-08-24T23:04:00,712.55,712.85,712.55,712.85
2021-08-24T23:09:00,712.85,712.9,712.5,712.65
2021-08-24T23:14:00,712.5,712.85,712.5,712.8
2021-08-24T23:19:00,712.6,714.5,712.6,713.05
