Index,Open,High,Low,Close
2021-08-09T14:36:00,4864,4872,4864,4867
2021-08-09T14:37:00,4868,4872,4864,4864
2021-08-09T14:37:00,4868,4872,4864,4864
2021-08-09T14:38:00,4868,4871,4863,4864
2021-08-09T14:38:00,4869,4869,4863,4864
2021-08-09T14:38:00,4867,4867,4863,4864
2021-08-09T14:39:00,4867,4869,4863,4867
2021-08-09T14:39:00,4864,4869,4863,4867
2021-08-09T14:40:00,4864,4869,4863,4864
2021-08-09T14:40:00,4864,4869,4864,4864
2021-08-09T14:40:00,4865,4869,4864,4864
2021-08-09T14:41:00,4865,4867,4858,4859
2021-08-09T14:41:00,4867,4867,4858,4859
2021-08-09T14:42:00,4867,4867,4856,4858
2021-08-09T14:42:00,4867,4867,4856,4858
2021-08-09T14:42:00,4860,4861,4856,4858
2021-08-09T14:43:00,4860,4860,4851,4856
2021-08-09T14:43:00,4856,4860,4851,4856
2021-08-09T14:44:00,4856,4861,4851,4858
2021-08-09T14:44:00,4856,4861,4851,4858
2021-08-09T14:44:00,4858,4861,4851,4858
2021-08-09T14:45:00,4858,4862,4854,4862
2021-08-09T14:46:00,4855,4862,4854,4858
2021-08-09T14:47:00,4855,4862,4854,4857
2021-08-09T14:48:00,4855,4862,4854,4856
2021-08-09T14:51:00,4858,4860,4846,4846
2021-08-09T14:52:00,4859,4859,4846,4852
2021-08-09T14:53:00,4857,4858,4846,4856
2021-08-09T14:54:00,4855,4858,4846,4856
2021-08-09T14:55:00,4847,4858,4846,4854
2021-08-09T14:56:00,4848,4865,4848,4864
2021-08-09T14:57:00,4851,4872,4851,4869
2021-08-09T14:58:00,4858,4872,4852,4870
2021-08-09T14:59:00,4856,4872,4854,4869
2021-08-09T15:00:00,4854,4872,4854,4865
2021-08-09T15:01:00,4865,4872,4863,4867
2021-08-09T15:02:00,4870,4875,4863,4875
2021-08-09T15:03:00,4870,4877,4863,4875
2021-08-09T15:04:00,4868,4877,4863,4876
2021-08-09T15:05:00,4863,4877,4863,4874
2021-08-09T15:06:00,4870,4878,4870,4876
2021-08-09T15:07:00,4875,4878,4870,4873
2021-08-09T15:08:00,4874,4878,4865,4865
2021-08-09T15:09:00,4876,4878,4860,4869
2021-08-09T15:10:00,4877,4877,4860,4866
2021-08-09T15:11:00,4876,4876,4860,4868
2021-08-09T15:12:00,4873,4873,4860,4865
2021-08-09T15:13:00,4861,4868,4861,4865
2021-08-09T15:14:00,4867,4868,4863,4864
2021-08-09T15:15:00,4867,4867,4863,4864
2021-08-09T15:16:00,4867,4867,4859,4861
2021-08-09T15:17:00,4865,4865,4853,4853
2021-08-09T15:18:00,4864,4865,4848,4853
2021-08-09T15:19:00,4864,4864,4848,4852
2021-08-09T15:20:00,4862,4862,4848,4855
2021-08-09T15:21:00,4862,4865,4848,4864
2021-08-09T15:22:00,4852,4867,4848,4866
2021-08-09T15:23:00,4852,4867,4850,4865
2021-08-09T15:24:00,4851,4868,4851,4868
2021-08-09T15:25:00,4855,4872,4855,4869
2021-08-09T15:26:00,4863,4874,4863,4873
2021-08-09T15:29:00,4869,4881,4869,4878
2021-08-09T15:34:00,4879,4879,4868,4874
2021-08-09T15:39:00,4874,4875,4866,4870
2021-08-09T15:44:00,4870,4876,4870,4874
2021-08-09T15:49:00,4874,4883,4870,4882
2021-08-09T15:54:00,4882,4893,4882,4888
2021-08-09T15:59:00,4890,4893,4886,4886
2021-08-09T16:39:00,4890,4890,4851,4851
2021-08-09T16:44:00,4853,4863,4853,4862
2021-08-09T16:49:00,4861,4883,4861,4883
2021-08-09T16:54:00,4883,4884,4876,4876
2021-08-09T16:59:00,4877,4879,4867,4868
2021-08-09T17:04:00,4868,4876,4858,4876
2021-08-09T17:09:00,4876,4895,4876,4895
2021-08-09T17:14:00,4896,4900,4888,4898
2021-08-09T17:19:00,4898,4898,4879,4887
2021-08-09T19:04:00,4885,4930,4881,4921
2021-08-09T19:09:00,4920,4939,4920,4939
2021-08-09T19:14:00,4938,4938,4918,4933
2021-08-09T19:19:00,4934,4945,4933,4934
2021-08-09T19:24:00,4933,4938,4923,4932
2021-08-09T19:29:00,4928,4937,4927,4935
2021-08-09T19:34:00,4932,4935,4914,4922
2021-08-09T19:39:00,4922,4927,4905,4906
2021-08-09T19:44:00,4906,4906,4891,4905
2021-08-09T19:49:00,4904,4904,4886,4891
2021-08-09T19:54:00,4891,4894,4882,4887
2021-08-09T19:59:00,4884,4898,4884,4891
2021-08-09T20:04:00,4891,4902,4886,4896
2021-08-09T20:09:00,4897,4897,4883,4896
2021-08-09T20:14:00,4893,4900,4889,4898
2021-08-09T20:19:00,4895,4913,4893,4912
2021-08-09T20:24:00,4916,4916,4900,4907
2021-08-09T20:29:00,4908,4915,4897,4908
2021-08-09T20:34:00,4903,4932,4903,4926
2021-08-09T20:44:00,4953,4963,4944,4960
2021-08-09T20:49:00,4960,4971,4957,4957
2021-08-09T20:54:00,4959,4959,4943,4945
