Index,Open,High,Low,Close,Vol,OI
2021-08-10T13:39:00,5052,5052,5045,5045
2021-08-10T13:44:00,5045,5051,5042,5043
2021-08-10T13:49:00,5042,5045,5041,5044
2021-08-10T13:54:00,5043,5050,5042,5043
2021-08-10T13:59:00,5044,5044,5037,5039
2021-08-10T14:04:00,5040,5053,5040,5052
2021-08-10T14:09:00,5053,5064,5053,5054
2021-08-10T14:14:00,5054,5060,5054,5057
2021-08-10T14:19:00,5057,5064,5056,5063
2021-08-10T14:24:00,5062,5065,5060,5064
2021-08-10T14:29:00,5063,5068,5061,5061
2021-08-10T14:34:00,5062,5062,5052,5053
2021-08-10T14:39:00,5053,5057,5053,5055
2021-08-10T14:44:00,5056,5059,5046,5047
2021-08-10T14:49:00,5049,5049,5040,5041
2021-08-10T14:54:00,5041,5044,5040,5043
2021-08-10T14:59:00,5042,5042,5025,5030
2021-08-10T15:04:00,5030,5030,5017,5030
2021-08-10T15:09:00,5031,5032,5019,5022
2021-08-10T15:14:00,5020,5026,5017,5025
2021-08-10T15:19:00,5023,5025,5017,5019
2021-08-10T15:24:00,5019,5023,5016,5016
2021-08-10T15:29:00,5017,5020,5014,5015
2021-08-10T15:34:00,5015,5020,5006,5007
2021-08-10T15:39:00,5007,5014,5007,5012
2021-08-10T15:44:00,5011,5014,5006,5006
2021-08-10T17:49:00,5008,5040,5008,5036
2021-08-10T17:54:00,5036,5036,5013,5019
2021-08-10T17:59:00,5018,5023,5005,5012
2021-08-10T18:04:00,5012,5026,5012,5017
2021-08-10T18:09:00,5015,5023,5015,5019
2021-08-10T18:14:00,5020,5020,5004,5006
2021-08-10T18:19:00,5005,5010,5005,5008
2021-08-10T18:24:00,5008,5011,4994,5011
2021-08-10T18:29:00,5013,5027,5013,5027
2021-08-10T18:34:00,5024,5047,5024,5044
2021-08-10T18:39:00,5046,5046,5014,5024
2021-08-10T18:44:00,5025,5025,5010,5010
2021-08-10T18:49:00,5010,5012,5001,5004
2021-08-10T18:54:00,5004,5023,5000,5023
2021-08-10T18:59:00,5022,5022,5010,5015
2021-08-10T19:04:00,5013,5035,5013,5027
2021-08-10T19:09:00,5029,5035,5019,5027
2021-08-10T19:14:00,5030,5037,5029,5035
2021-08-10T19:19:00,5035,5035,5017,5032
2021-08-10T19:24:00,5032,5050,5032,5047
2021-08-10T19:29:00,5048,5087,5048,5087
2021-08-10T19:34:00,5087,5115,5086,5107
2021-08-10T19:39:00,5108,5132,5108,5128
2021-08-10T19:44:00,5128,5128,5114,5124
2021-08-10T19:49:00,5124,5128,5115,5119
2021-08-10T19:54:00,5118,5126,5108,5110
2021-08-10T19:59:00,5110,5123,5110,5119
2021-08-10T20:04:00,5119,5128,5115,5123
2021-08-10T20:09:00,5122,5123,5110,5115
2021-08-10T20:14:00,5118,5118,5099,5103
2021-08-10T20:19:00,5104,5125,5104,5125
2021-08-10T20:24:00,5124,5132,5119,5124
2021-08-10T20:29:00,5124,5131,5117,5123
2021-08-10T20:34:00,5125,5130,5117,5123
2021-08-10T20:39:00,5125,5129,5120,5124
2021-08-10T20:44:00,5124,5124,5113,5116
2021-08-10T20:49:00,5113,5119,5105,5110
2021-08-10T20:54:00,5109,5120,5109,5118
2021-08-10T20:59:00,5118,5118,5107,5108
2021-08-10T21:04:00,5108,5118,5105,5108
2021-08-10T21:09:00,5107,5114,5102,5112
2021-08-10T21:14:00,5108,5109,5103,5107
2021-08-10T21:19:00,5106,5106,5099,5104
2021-08-10T21:24:00,5103,5106,5095,5101
2021-08-10T21:29:00,5100,5107,5099,5106
2021-08-10T21:34:00,5107,5115,5105,5109
2021-08-10T21:39:00,5109,5117,5109,5116
2021-08-10T21:44:00,5114,5123,5113,5120
2021-08-10T21:49:00,5122,5125,5120,5124
2021-08-10T21:54:00,5124,5132,5121,5123
2021-08-10T21:59:00,5125,5125,5120,5121
2021-08-10T22:04:00,5121,5129,5120,5128
2021-08-10T22:09:00,5128,5128,5124,5125
2021-08-10T22:14:00,5125,5139,5125,5129
2021-08-10T22:19:00,5130,5130,5120,5123
2021-08-10T22:24:00,5122,5126,5121,5122
2021-08-10T22:29:00,5122,5123,5117,5118
2021-08-10T22:34:00,5118,5120,5115,5119
2021-08-10T22:39:00,5118,5121,5113,5114
2021-08-10T22:44:00,5114,5121,5114,5120
2021-08-10T22:49:00,5120,5124,5117,5121
2021-08-10T22:54:00,5121,5122,5118,5119
2021-08-10T22:59:00,5119,5121,5118,5118
2021-08-10T23:04:00,5118,5120,5116,5118
2021-08-10T23:09:00,5119,5120,5114,5114
2021-08-10T23:14:00,5113,5117,5109,5109
2021-08-10T23:19:00,5110,5111,5106,5109
2021-08-10T23:24:00,5107,5110,5106,5109
2021-08-10T23:29:00,5110,5114,5106,5109
2021-08-10T23:29:00,5109,5111,5106,5109
2021-08-10T23:29:00,5109,5111,5106,5109
2021-08-10T23:29:00,5109,5111,5106,5109
2021-08-10T23:29:00,5109,5111,5106,5109
2021-08-10T23:29:00,5109,5111,5106,5109
2021-08-11T13:14:00,5109,5119,5106,5112
2021-08-11T13:44:00,5095,5097,5095,5096
2021-08-11T14:19:00,5097,5097,5087,5087
2021-08-11T14:24:00,5089,5090,5085,5087
2021-08-11T14:29:00,5086,5090,5085,5088
2021-08-11T14:34:00,5088,5092,5085,5085
2021-08-11T14:39:00,5085,5086,5075,5075
2021-08-11T14:44:00,5075,5081,5075,5079
2021-08-11T15:49:00,5039,5039,4995,5024
2021-08-11T15:54:00,5025,5032,5021,5029
2021-08-11T15:59:00,5028,5028,5012,5026
2021-08-11T16:04:00,5019,5035,5019,5034
2021-08-11T16:09:00,5033,5042,5026,5042
2021-08-11T16:14:00,5042,5050,5037,5047
2021-08-11T16:19:00,5047,5047,5038,5040
2021-08-11T16:24:00,5040,5043,5033,5035
2021-08-11T16:29:00,5034,5035,5025,5026
2021-08-11T16:34:00,5028,5032,5020,5022
2021-08-11T16:39:00,5021,5035,5020,5031
2021-08-11T16:44:00,5030,5030,5022,5026
2021-08-11T16:49:00,5024,5033,5024,5028
2021-08-11T16:54:00,5030,5030,5026,5027
2021-08-11T16:59:00,5030,5037,5029,5033
2021-08-11T17:04:00,5032,5033,5026,5031
2021-08-11T17:09:00,5033,5034,5027,5028
2021-08-11T17:14:00,5028,5032,5028,5030
2021-08-11T17:19:00,5030,5032,5022,5024
2021-08-11T17:24:00,5024,5029,5021,5025
2021-08-11T17:29:00,5025,5025,5016,5017
2021-08-11T17:34:00,5016,5019,5002,5004
2021-08-11T17:39:00,5004,5004,4966,4985
2021-08-11T17:44:00,4986,4994,4984,4987
2021-08-11T17:49:00,4985,4988,4980,4985
2021-08-11T17:54:00,4985,4985,4978,4983
2021-08-11T17:59:00,4984,4995,4984,4993
2021-08-11T18:04:00,4994,5035,4994,5021
2021-08-11T18:09:00,5022,5048,5022,5047
2021-08-11T18:14:00,5046,5046,5024,5027
2021-08-11T18:19:00,5027,5042,5027,5027
2021-08-11T18:24:00,5025,5025,5019,5022
2021-08-11T18:29:00,5020,5032,5018,5023
2021-08-11T19:34:00,5034,5034,5000,5010
2021-08-11T19:39:00,5010,5024,5010,5018
2021-08-11T19:44:00,5018,5037,5018,5034
2021-08-11T19:49:00,5034,5046,5032,5039
2021-08-11T19:54:00,5041,5046,5032,5033
2021-08-11T19:59:00,5033,5038,5032,5033
2021-08-11T20:04:00,5028,5040,5014,5018
2021-08-11T20:09:00,5018,5029,5010,5027
2021-08-11T20:14:00,5027,5042,5027,5038
2021-08-11T20:19:00,5037,5056,5036,5055
2021-08-11T20:24:00,5054,5066,5052,5064
2021-08-11T20:29:00,5059,5066,5046,5049
2021-08-11T20:34:00,5054,5061,5046,5054
2021-08-11T20:39:00,5058,5065,5035,5035
2021-08-11T20:44:00,5035,5043,5030,5043
2021-08-11T20:49:00,5037,5047,5037,5047
2021-08-11T20:59:00,5055,5055,5045,5045
2021-08-11T21:04:00,5045,5051,5043,5050
2021-08-11T21:09:00,5050,5051,5034,5036
2021-08-11T21:14:00,5035,5035,5013,5020
2021-08-11T21:19:00,5019,5023,5011,5019
2021-08-11T21:24:00,5019,5032,5019,5030
2021-08-11T21:29:00,5029,5036,5027,5033
2021-08-11T21:34:00,5031,5035,5028,5029
2021-08-11T21:39:00,5028,5036,5028,5032
2021-08-11T21:44:00,5033,5035,5027,5027
2021-08-11T21:49:00,5025,5036,5025,5035
2021-08-11T21:54:00,5034,5042,5034,5038
2021-08-11T21:59:00,5039,5043,5039,5043
2021-08-11T22:04:00,5043,5054,5043,5052
2021-08-11T22:34:00,5058,5130,5058,5128
2021-08-11T22:39:00,5130,5135,5115,5118
2021-08-11T22:44:00,5120,5124,5114,5122
2021-08-11T22:49:00,5125,5134,5124,5129
2021-08-11T22:54:00,5130,5134,5127,5130
2021-08-11T22:59:00,5131,5154,5131,5141
2021-08-11T23:04:00,5141,5152,5141,5151
2021-08-11T23:09:00,5150,5151,5140,5148
2021-08-11T23:14:00,5148,5157,5148,5149
2021-08-11T23:19:00,5148,5151,5141,5142
2021-08-11T23:24:00,5142,5145,5138,5141
2021-08-11T23:29:00,5141,5146,5137,5141
2021-08-11T23:29:00,5144,5146,5137,5141
2021-08-11T23:29:00,5144,5146,5137,5141
2021-08-12T11:04:00,5144,5151,5144,5150
2021-08-12T11:09:00,5147,5147,5141,5142
2021-08-12T11:14:00,5139,5144,5139,5142
2021-08-12T11:19:00,5142,5142,5138,5141
2021-08-12T11:24:00,5141,5142,5137,5137
2021-08-12T11:29:00,5137,5142,5137,5138
2021-08-12T11:34:00,5140,5145,5138,5140
2021-08-12T11:39:00,5139,5141,5138,5138
2021-08-12T11:44:00,5138,5138,5132,5135
2021-08-12T11:49:00,5133,5134,5131,5134
2021-08-12T11:54:00,5134,5136,5134,5136
2021-08-12T11:59:00,5134,5136,5132,5135
2021-08-12T12:04:00,5134,5134,5130,5132
2021-08-12T12:09:00,5132,5133,5128,5128
2021-08-12T12:14:00,5128,5133,5128,5132
2021-08-12T12:19:00,5132,5135,5130,5132
2021-08-12T12:24:00,5130,5132,5126,5127
2021-08-12T12:29:00,5128,5133,5128,5133
2021-08-12T13:24:00,5160,5160,5155,5160
2021-08-12T13:29:00,5160,5161,5155,5156
2021-08-12T13:34:00,5158,5158,5137,5146
2021-08-12T13:39:00,5146,5153,5145,5150
2021-08-12T13:44:00,5150,5156,5147,5148
2021-08-12T13:49:00,5146,5146,5132,5137
2021-08-12T13:54:00,5136,5138,5133,5138
2021-08-12T13:59:00,5138,5144,5135,5139
2021-08-12T14:04:00,5139,5139,5133,5139
2021-08-12T14:09:00,5140,5142,5135,5142
2021-08-12T14:14:00,5141,5150,5141,5150
2021-08-12T14:19:00,5150,5155,5148,5153
2021-08-12T14:24:00,5155,5155,5147,5148
2021-08-12T14:29:00,5148,5151,5148,5150
2021-08-12T14:34:00,5150,5154,5146,5148
2021-08-12T14:39:00,5147,5150,5138,5142
2021-08-12T14:44:00,5141,5141,5134,5137
2021-08-12T14:49:00,5138,5157,5138,5154
2021-08-12T14:54:00,5154,5173,5154,5171
2021-08-12T14:59:00,5170,5172,5168,5170
2021-08-12T15:04:00,5170,5173,5166,5166
2021-08-12T15:09:00,5166,5169,5165,5168
2021-08-12T15:14:00,5169,5169,5165,5165
2021-08-12T15:19:00,5166,5167,5159,5161
2021-08-12T15:24:00,5159,5162,5159,5161
2021-08-12T15:29:00,5160,5161,5157,5161
2021-08-12T15:34:00,5161,5165,5157,5157
2021-08-12T15:39:00,5159,5159,5147,5147
2021-08-12T15:44:00,5149,5149,5140,5146
2021-08-12T15:49:00,5147,5147,5141,5143
2021-08-12T15:54:00,5145,5148,5143,5144
2021-08-12T15:59:00,5144,5146,5142,5145
2021-08-12T16:04:00,5147,5147,5144,5144
2021-08-12T16:09:00,5143,5143,5138,5138
2021-08-12T16:14:00,5139,5141,5138,5140
2021-08-12T16:19:00,5140,5140,5134,5135
2021-08-12T16:24:00,5136,5136,5130,5133
2021-08-12T16:29:00,5132,5134,5127,5132
2021-08-12T16:34:00,5133,5134,5129,5130
2021-08-12T16:39:00,5129,5132,5129,5130
2021-08-12T16:44:00,5129,5131,5129,5130
2021-08-12T16:49:00,5128,5136,5128,5134
2021-08-12T16:54:00,5135,5135,5131,5134
2021-08-12T16:59:00,5134,5135,5129,5129
2021-08-12T17:04:00,5129,5129,5108,5115
2021-08-12T17:09:00,5115,5117,5111,5111
2021-08-12T17:14:00,5112,5123,5110,5122
2021-08-12T17:19:00,5122,5128,5118,5128
2021-08-12T17:24:00,5129,5129,5120,5122
2021-08-12T17:29:00,5121,5122,5116,5116
2021-08-12T17:34:00,5117,5121,5115,5116
2021-08-12T17:39:00,5115,5124,5107,5119
2021-08-12T17:44:00,5118,5118,5108,5111
2021-08-12T17:49:00,5113,5113,5101,5106
2021-08-12T17:54:00,5106,5113,5102,5113
2021-08-12T17:59:00,5114,5118,5114,5117
2021-08-12T18:04:00,5115,5121,5113,5115
2021-08-12T18:09:00,5114,5119,5114,5118
2021-08-12T18:14:00,5118,5125,5118,5125
2021-08-12T18:19:00,5123,5132,5119,5129
2021-08-12T18:24:00,5129,5131,5120,5124
2021-08-12T18:29:00,5125,5128,5119,5127
2021-08-12T18:34:00,5124,5138,5117,5128
2021-08-12T18:39:00,5128,5138,5119,5125
2021-08-12T18:44:00,5131,5140,5130,5130
2021-08-12T18:49:00,5131,5141,5131,5134
2021-08-12T18:54:00,5132,5136,5123,5130
2021-08-12T18:59:00,5130,5144,5130,5135
2021-08-12T19:09:00,5132,5142,5128,5135
2021-08-12T19:14:00,5136,5145,5136,5141
2021-08-12T19:19:00,5139,5140,5127,5130
2021-08-12T19:24:00,5130,5134,5124,5127
2021-08-12T19:29:00,5127,5140,5127,5135
2021-08-12T19:34:00,5139,5152,5136,5152
2021-08-12T19:39:00,5150,5150,5137,5145
2021-08-12T19:44:00,5147,5149,5142,5148
2021-08-12T22:49:00,5147,5152,5144,5146
2021-08-12T22:54:00,5144,5144,5136,5137
2021-08-12T22:59:00,5138,5140,5138,5138
2021-08-12T23:04:00,5140,5140,5128,5136
2021-08-12T23:09:00,5136,5144,5136,5142
2021-08-12T23:14:00,5142,5147,5142,5145
2021-08-12T23:19:00,5142,5143,5138,5140
2021-08-12T23:24:00,5141,5141,5135,5136
2021-08-12T23:28:00,5135,5135,5131,5133
2021-08-12T23:29:00,5133,5133,5129,5130
2021-08-12T23:29:00,5133,5133,5129,5130
2021-08-12T23:29:00,5133,5133,5129,5130
2021-08-12T23:29:00,5133,5133,5129,5130
2021-08-12T23:29:00,5133,5133,5129,5130
2021-08-12T23:29:00,5133,5133,5129,5130
2021-08-12T23:29:00,5133,5133,5129,5130
2021-08-12T23:29:00,5133,5133,5129,5130
2021-08-12T23:29:00,5133,5133,5129,5130
2021-08-13T10:24:00,5133,5133,5093,5094
2021-08-13T10:34:00,5093,5096,5093,5096
2021-08-13T10:38:00,5096,5097,5095,5097
2021-08-13T10:44:00,5096,5098,5093,5096
2021-08-13T10:49:00,5096,5097,5095,5095
2021-08-13T10:54:00,5094,5094,5076,5082
2021-08-13T10:59:00,5084,5085,5080,5080
2021-08-13T11:04:00,5080,5080,5073,5076
2021-08-13T11:09:00,5076,5080,5076,5078
2021-08-13T19:14:00,5078,5126,5072,5122
2021-08-13T19:19:00,5123,5129,5123,5128
2021-08-13T19:24:00,5128,5128,5115,5117
2021-08-13T19:29:00,5122,5127,5117,5121
2021-08-13T19:34:00,5121,5122,5116,5116
2021-08-13T19:39:00,5116,5129,5116,5128
2021-08-13T19:44:00,5129,5139,5129,5137
2021-08-13T20:09:00,5138,5138,5123,5127
2021-08-13T20:14:00,5127,5127,5118,5120
2021-08-13T20:19:00,5120,5126,5120,5121
2021-08-13T20:24:00,5120,5124,5119,5121
2021-08-13T20:29:00,5119,5119,5108,5117
2021-08-13T20:34:00,5115,5124,5115,5119
2021-08-13T20:39:00,5119,5119,5096,5100
2021-08-13T20:44:00,5098,5117,5095,5113
2021-08-13T20:49:00,5116,5116,5105,5109
2021-08-13T20:54:00,5105,5121,5105,5109
2021-08-13T20:59:00,5113,5117,5105,5117
2021-08-13T21:04:00,5116,5116,5102,5106
2021-08-13T21:09:00,5106,5111,5098,5101
2021-08-13T21:14:00,5101,5103,5094,5095
2021-08-13T21:19:00,5095,5100,5095,5098
2021-08-13T21:24:00,5098,5098,5091,5094
2021-08-13T21:29:00,5095,5102,5093,5095
2021-08-13T21:34:00,5097,5097,5086,5088
2021-08-13T21:39:00,5088,5088,5067,5070
2021-08-13T21:44:00,5070,5078,5069,5078
2021-08-13T21:49:00,5077,5088,5077,5082
2021-08-13T21:54:00,5081,5090,5081,5088
2021-08-13T21:59:00,5089,5089,5081,5083
2021-08-13T22:04:00,5084,5088,5083,5083
2021-08-13T22:09:00,5084,5087,5077,5077
2021-08-13T22:14:00,5078,5078,5073,5074
2021-08-13T22:19:00,5075,5079,5070,5071
2021-08-13T22:24:00,5071,5077,5069,5074
2021-08-13T22:29:00,5074,5075,5071,5071
2021-08-13T22:34:00,5071,5074,5067,5071
2021-08-13T22:39:00,5071,5081,5068,5076
2021-08-13T22:44:00,5077,5082,5077,5080
2021-08-13T22:49:00,5082,5087,5081,5084
2021-08-13T22:54:00,5084,5087,5083,5087
2021-08-13T22:59:00,5087,5088,5084,5085
2021-08-13T23:04:00,5084,5086,5083,5083
2021-08-13T23:09:00,5082,5085,5081,5084
2021-08-13T23:14:00,5082,5085,5081,5083
2021-08-13T23:19:00,5082,5086,5082,5086
2021-08-13T23:29:00,5085,5086,5073,5075
2021-08-13T23:29:00,5074,5076,5073,5075
2021-08-13T23:29:00,5074,5076,5073,5075
2021-08-13T23:29:00,5074,5076,5073,5075
2021-08-13T23:29:00,5074,5076,5073,5075
2021-08-13T23:29:00,5074,5076,5073,5075
2021-08-13T23:29:00,5074,5076,5073,5075
2021-08-13T23:29:00,5074,5076,5073,5075
2021-08-13T23:29:00,5074,5076,5073,5075
2021-08-16T10:36:00,5032,5032,5030,5032
2021-08-16T10:44:00,5031,5031,5027,5028
2021-08-16T10:49:00,5026,5027,5026,5027
2021-08-16T10:54:00,5028,5028,5024,5025
2021-08-16T10:59:00,5025,5025,5022,5022
2021-08-16T11:04:00,5022,5027,5022,5024
2021-08-16T11:09:00,5025,5029,5024,5025
2021-08-16T11:14:00,5025,5026,5023,5023
2021-08-16T11:19:00,5022,5022,5016,5017
2021-08-16T11:24:00,5016,5019,5013,5013
2021-08-16T11:29:00,5013,5020,5013,5019
2021-08-16T11:34:00,5018,5018,5011,5011
2021-08-16T11:39:00,5012,5012,5000,5000
2021-08-16T11:44:00,4999,4999,4994,4994
2021-08-16T11:49:00,4993,4997,4988,4997
2021-08-16T11:54:00,4997,5003,4997,4999
2021-08-16T11:59:00,4997,5003,4997,4998
2021-08-16T12:04:00,4998,5002,4998,4998
2021-08-16T12:09:00,4998,5004,4998,5002
2021-08-16T12:14:00,5001,5007,5001,5004
2021-08-16T12:19:00,5007,5008,5004,5005
2021-08-16T12:24:00,5007,5007,5001,5003
2021-08-16T12:29:00,5002,5008,5001,5008
2021-08-16T12:34:00,5008,5008,4980,4980
2021-08-16T12:39:00,4980,4981,4961,4965
2021-08-16T12:44:00,4962,4970,4961,4964
2021-08-16T12:49:00,4966,4974,4962,4972
2021-08-16T12:54:00,4973,4978,4970,4975
2021-08-16T12:59:00,4975,4975,4970,4973
2021-08-16T13:04:00,4973,4977,4971,4972
2021-08-16T13:09:00,4971,4982,4969,4979
2021-08-16T13:14:00,4980,4985,4979,4984
2021-08-16T13:19:00,4981,4982,4976,4980
2021-08-16T13:24:00,4978,4985,4978,4984
2021-08-16T13:29:00,4983,4986,4980,4984
2021-08-16T13:34:00,4983,4996,4982,4989
2021-08-16T13:39:00,4988,4991,4983,4991
2021-08-16T13:44:00,4990,4990,4986,4987
2021-08-16T13:49:00,4988,4994,4980,4980
2021-08-16T13:54:00,4980,4982,4976,4980
2021-08-16T13:59:00,4981,4995,4980,4988
2021-08-16T14:04:00,4986,4990,4983,4987
2021-08-16T14:09:00,4986,5014,4986,5011
2021-08-16T14:14:00,5012,5039,5012,5038
2021-08-16T14:19:00,5040,5052,5039,5042
2021-08-16T14:24:00,5042,5045,5035,5035
2021-08-16T14:29:00,5036,5036,5019,5025
2021-08-16T14:34:00,5027,5030,5023,5029
2021-08-16T14:39:00,5030,5030,5023,5025
2021-08-16T14:44:00,5025,5030,5025,5027
2021-08-16T14:49:00,5027,5028,5023,5028
2021-08-16T14:54:00,5027,5027,5023,5023
2021-08-16T14:59:00,5024,5025,5021,5025
2021-08-16T15:04:00,5025,5028,5022,5025
2021-08-16T15:09:00,5024,5028,5024,5024
2021-08-16T15:14:00,5027,5030,5024,5030
2021-08-16T15:19:00,5030,5040,5029,5033
2021-08-16T15:24:00,5032,5034,5030,5030
2021-08-16T15:29:00,5030,5032,5025,5025
2021-08-16T15:34:00,5025,5028,5014,5014
2021-08-16T15:39:00,5022,5022,4998,5007
2021-08-16T15:44:00,5008,5008,4997,5001
2021-08-16T15:49:00,5001,5005,4999,5004
2021-08-16T15:54:00,5001,5002,4988,4994
2021-08-16T15:59:00,4993,5000,4993,4998
2021-08-16T16:04:00,5000,5008,5000,5008
2021-08-16T16:09:00,5007,5010,5004,5008
2021-08-16T16:14:00,5008,5012,5006,5011
2021-08-16T16:19:00,5010,5013,5006,5007
2021-08-16T16:24:00,5007,5011,5002,5007
2021-08-16T16:29:00,5007,5010,5002,5005
2021-08-16T16:34:00,5006,5006,4992,4995
2021-08-16T16:39:00,4995,5000,4995,4998
2021-08-16T16:44:00,4997,4999,4991,4999
2021-08-16T16:49:00,4998,5001,4998,4998
2021-08-16T16:54:00,4997,4997,4985,4991
2021-08-16T16:59:00,4991,4992,4987,4992
2021-08-16T17:04:00,4991,4992,4983,4984
2021-08-16T17:09:00,4985,4991,4984,4985
2021-08-16T17:14:00,4990,4994,4989,4994
2021-08-16T17:19:00,4994,4994,4988,4990
2021-08-16T17:24:00,4990,5004,4990,5003
2021-08-16T17:29:00,5003,5013,5003,5009
2021-08-16T17:34:00,5007,5007,4969,4977
2021-08-16T17:39:00,4976,4977,4964,4974
2021-08-16T17:44:00,4974,4980,4973,4977
2021-08-16T17:49:00,4973,4973,4934,4945
2021-08-16T17:54:00,4942,4942,4921,4937
2021-08-16T17:59:00,4934,4948,4934,4942
2021-08-16T18:04:00,4942,4943,4931,4935
2021-08-16T18:09:00,4933,4939,4925,4931
2021-08-16T18:14:00,4929,4939,4929,4936
2021-08-16T18:24:00,4935,4951,4935,4951
2021-08-16T18:29:00,4951,4951,4937,4940
2021-08-16T18:34:00,4940,4945,4926,4939
2021-08-16T18:39:00,4938,4941,4907,4941
2021-08-16T18:44:00,4941,4941,4928,4936
2021-08-16T18:49:00,4934,4934,4924,4933
2021-08-16T18:54:00,4931,4931,4917,4924
2021-08-16T18:59:00,4925,4930,4918,4926
2021-08-16T19:04:00,4925,4927,4906,4909
2021-08-16T19:09:00,4908,4927,4902,4927
2021-08-16T19:14:00,4923,4923,4910,4914
2021-08-16T19:19:00,4913,4913,4896,4903
2021-08-16T19:24:00,4900,4902,4887,4890
2021-08-16T19:29:00,4888,4895,4887,4892
2021-08-16T19:34:00,4893,4913,4883,4912
2021-08-16T19:39:00,4909,4929,4909,4925
2021-08-16T19:44:00,4925,4951,4925,4946
2021-08-16T19:49:00,4945,4954,4942,4946
2021-08-16T19:54:00,4944,4950,4942,4946
2021-08-16T19:59:00,4947,4947,4930,4935
2021-08-16T20:04:00,4932,4953,4932,4941
2021-08-16T20:09:00,4941,4956,4941,4950
2021-08-16T20:14:00,4951,4955,4948,4948
2021-08-16T20:19:00,4951,4958,4947,4958
2021-08-16T20:24:00,4959,4967,4957,4958
2021-08-16T20:29:00,4958,4964,4953,4958
2021-08-16T20:34:00,4958,4970,4957,4957
2021-08-16T20:39:00,4959,4967,4959,4962
2021-08-16T20:44:00,4962,4967,4955,4965
2021-08-16T20:49:00,4965,4995,4965,4992
2021-08-16T20:54:00,4990,5001,4990,4996
2021-08-16T20:59:00,4997,5004,4994,5000
2021-08-16T21:04:00,5000,5013,5000,5012
2021-08-16T21:09:00,5012,5014,5004,5010
2021-08-16T21:14:00,5009,5017,5009,5015
2021-08-16T21:19:00,5016,5027,5016,5021
2021-08-16T21:24:00,5022,5026,5021,5021
2021-08-16T21:29:00,5022,5027,5021,5025
2021-08-16T21:34:00,5026,5029,5023,5026
2021-08-16T21:39:00,5026,5031,5019,5020
2021-08-16T21:44:00,5021,5027,5018,5022
2021-08-16T22:14:00,5024,5028,5011,5012
2021-08-16T22:19:00,5012,5022,5012,5016
2021-08-16T22:24:00,5016,5019,5015,5015
2021-08-16T22:29:00,5016,5017,5011,5012
2021-08-16T22:34:00,5015,5016,5007,5014
2021-08-16T22:39:00,5015,5015,5010,5014
2021-08-16T22:44:00,5015,5015,5011,5012
2021-08-16T22:49:00,5012,5015,5010,5014
2021-08-16T22:54:00,5014,5014,5005,5009
2021-08-16T22:59:00,5009,5014,5008,5012
2021-08-16T23:04:00,5012,5015,5009,5011
2021-08-16T23:09:00,5011,5014,5009,5012
2021-08-16T23:14:00,5013,5013,5008,5010
2021-08-16T23:19:00,5010,5011,5007,5010
2021-08-16T23:24:00,5009,5009,4999,4999
2021-08-16T23:29:00,5000,5001,4994,4996
2021-08-16T23:29:00,4997,4998,4994,4996
2021-08-16T23:29:00,4997,4998,4994,4996
2021-08-16T23:29:00,4997,4998,4994,4996
2021-08-16T23:29:00,4997,4998,4994,4996
2021-08-16T23:29:00,4997,4998,4994,4996
2021-08-16T23:29:00,4997,4998,4994,4996
2021-08-16T23:29:00,4997,4998,4994,4996
2021-08-17T11:24:00,4997,4998,4994,4995
2021-08-17T11:29:00,4995,4996,4993,4994
2021-08-17T11:34:00,4994,4994,4986,4989
2021-08-17T11:38:00,4989,4997,4989,4994
2021-08-17T11:44:00,4994,4994,4988,4988
2021-08-17T11:49:00,4989,4990,4984,4989
2021-08-17T11:54:00,4988,4994,4988,4990
2021-08-17T11:59:00,4988,4988,4985,4988
2021-08-17T12:04:00,4988,4988,4984,4985
2021-08-17T12:09:00,4985,4986,4977,4977
2021-08-17T12:14:00,4978,4978,4973,4975
2021-08-17T12:19:00,4973,4974,4966,4968
2021-08-17T12:24:00,4968,4968,4963,4963
2021-08-17T12:29:00,4964,4972,4964,4972
2021-08-17T12:34:00,4970,4970,4961,4961
2021-08-17T12:39:00,4960,4964,4958,4958
2021-08-17T12:44:00,4958,4958,4952,4957
2021-08-17T12:49:00,4957,4962,4955,4961
2021-08-17T12:54:00,4961,4963,4959,4959
2021-08-17T12:59:00,4958,4968,4958,4965
2021-08-17T13:04:00,4965,4969,4961,4968
2021-08-17T13:09:00,4964,4971,4964,4970
2021-08-17T13:14:00,4973,4973,4970,4973
2021-08-17T13:19:00,4972,4973,4967,4973
2021-08-17T13:24:00,4973,4984,4973,4975
2021-08-17T13:29:00,4974,4974,4968,4972
2021-08-17T13:34:00,4971,4985,4971,4980
2021-08-17T13:39:00,4978,4978,4974,4975
2021-08-17T13:44:00,4975,4975,4967,4969
2021-08-17T13:49:00,4967,4978,4966,4966
2021-08-17T13:54:00,4964,4966,4952,4966
2021-08-17T13:59:00,4966,4973,4964,4965
2021-08-17T14:04:00,4963,4976,4963,4974
2021-08-17T14:09:00,4973,4985,4973,4985
2021-08-17T14:14:00,4987,4994,4986,4987
2021-08-17T14:19:00,4988,4988,4979,4980
2021-08-17T14:24:00,4976,4978,4970,4976
2021-08-17T14:29:00,4976,4978,4969,4977
2021-08-17T14:34:00,4977,4981,4970,4970
2021-08-17T14:39:00,4975,4978,4974,4977
2021-08-17T14:44:00,4977,4978,4973,4978
2021-08-17T14:49:00,4976,4981,4976,4981
2021-08-17T14:59:00,4981,4991,4981,4989
2021-08-17T15:04:00,4989,4992,4985,4986
2021-08-17T15:09:00,4986,4986,4984,4986
2021-08-17T15:14:00,4985,4985,4977,4981
2021-08-17T15:19:00,4979,4986,4974,4986
2021-08-17T15:24:00,4984,4988,4980,4986
2021-08-17T15:29:00,4987,4990,4984,4984
2021-08-17T15:34:00,4981,4984,4976,4979
2021-08-17T15:44:00,4986,4989,4981,4984
2021-08-17T15:49:00,4982,4988,4982,4985
2021-08-17T15:54:00,4983,4987,4983,4987
2021-08-17T15:59:00,4988,4989,4968,4978
2021-08-17T16:04:00,4980,4986,4979,4986
2021-08-17T16:09:00,4985,4985,4978,4981
2021-08-17T18:04:00,4980,4981,4965,4975
2021-08-17T18:09:00,4975,4976,4970,4972
2021-08-17T18:14:00,4974,4978,4970,4976
2021-08-17T18:24:00,4976,4989,4974,4983
2021-08-17T18:39:00,4984,4988,4971,4973
2021-08-17T18:44:00,4973,4980,4970,4978
2021-08-17T18:49:00,4977,4977,4967,4972
2021-08-17T20:09:00,4970,5015,4970,5012
2021-08-17T20:14:00,5013,5034,5013,5030
2021-08-17T20:19:00,5029,5029,5022,5027
2021-08-17T20:24:00,5028,5031,5020,5029
2021-08-17T20:29:00,5029,5030,5022,5026
2021-08-17T20:34:00,5026,5026,5012,5022
2021-08-17T20:44:00,5017,5018,5011,5016
2021-08-17T20:49:00,5016,5018,5008,5009
2021-08-17T20:54:00,5009,5017,5007,5014
2021-08-17T20:59:00,5013,5017,5008,5014
2021-08-17T21:04:00,5016,5026,5015,5021
2021-08-17T21:09:00,5023,5023,5008,5009
2021-08-17T21:14:00,5009,5010,4994,4998
2021-08-17T21:19:00,4997,4997,4981,4986
2021-08-17T21:24:00,4985,4985,4979,4980
2021-08-17T21:29:00,4979,4979,4972,4978
2021-08-17T21:34:00,4976,4990,4974,4990
2021-08-17T22:29:00,4981,4996,4943,4944
2021-08-18T11:04:00,4943,4972,4943,4970
2021-08-18T11:09:00,4971,4972,4967,4967
2021-08-18T11:14:00,4965,4966,4961,4961
2021-08-18T11:19:00,4963,4966,4961,4962
2021-08-18T11:23:00,4962,4962,4961,4962
2021-08-18T11:28:00,4963,4966,4963,4966
2021-08-18T11:34:00,4966,4969,4955,4957
2021-08-18T11:39:00,4957,4960,4955,4958
2021-08-18T11:44:00,4958,4959,4958,4959
2021-08-18T11:49:00,4960,4961,4960,4961
2021-08-18T11:54:00,4961,4967,4961,4967
2021-08-18T12:19:00,4974,4984,4974,4981
2021-08-18T12:24:00,4982,4986,4981,4984
2021-08-18T12:29:00,4981,4981,4976,4978
2021-08-18T12:34:00,4974,4981,4974,4980
2021-08-18T12:39:00,4980,4983,4978,4981
2021-08-18T12:44:00,4980,4980,4977,4980
2021-08-18T13:34:00,4977,4981,4972,4981
2021-08-18T13:39:00,4982,4988,4975,4975
2021-08-18T13:44:00,4976,4978,4970,4972
2021-08-18T13:49:00,4967,4968,4962,4962
2021-08-18T13:54:00,4962,4972,4962,4969
2021-08-18T13:59:00,4966,4969,4960,4968
2021-08-18T14:04:00,4970,4970,4961,4967
2021-08-18T14:09:00,4966,4970,4965,4968
2021-08-18T15:09:00,4965,4985,4965,4985
2021-08-18T15:14:00,4985,4993,4984,4990
2021-08-18T15:19:00,4991,5004,4988,4999
2021-08-18T15:24:00,5000,5000,4990,4991
2021-08-18T15:29:00,4993,4996,4986,4987
2021-08-18T15:34:00,4988,4988,4978,4982
2021-08-18T15:39:00,4981,4984,4977,4977
2021-08-18T15:44:00,4979,4979,4974,4976
2021-08-18T15:49:00,4975,4977,4970,4970
2021-08-18T15:54:00,4970,4972,4968,4972
2021-08-18T15:59:00,4973,4975,4972,4973
2021-08-18T16:04:00,4971,4981,4971,4981
2021-08-18T16:09:00,4982,4982,4977,4977
2021-08-18T16:14:00,4977,4989,4977,4989
2021-08-18T16:19:00,4989,4991,4986,4990
2021-08-18T16:24:00,4991,4994,4989,4993
2021-08-18T16:29:00,4995,4995,4991,4993
2021-08-18T16:34:00,4993,4997,4992,4995
2021-08-18T16:39:00,4996,5000,4993,4998
2021-08-18T17:29:00,4994,5006,4994,5003
2021-08-18T17:34:00,5006,5011,5006,5008
2021-08-18T17:39:00,5007,5007,4992,4992
2021-08-18T17:44:00,4992,4996,4987,4988
2021-08-18T17:49:00,4991,4994,4990,4992
2021-08-18T17:54:00,4992,4992,4981,4985
2021-08-18T17:59:00,4986,4992,4983,4990
2021-08-18T18:04:00,4990,5000,4986,4986
2021-08-18T18:09:00,4986,4989,4985,4989
2021-08-18T18:14:00,4987,4990,4987,4990
2021-08-18T18:19:00,4991,4991,4981,4984
2021-08-18T18:24:00,4983,4986,4982,4985
2021-08-18T18:29:00,4986,5000,4986,4997
2021-08-18T18:34:00,4996,5004,4985,5000
2021-08-18T18:39:00,4999,4999,4988,4995
2021-08-18T18:44:00,4995,4996,4988,4990
2021-08-18T18:49:00,4990,4990,4973,4978
2021-08-18T18:54:00,4979,4980,4973,4976
2021-08-18T18:59:00,4974,4978,4971,4978
2021-08-18T19:04:00,4975,4981,4974,4980
2021-08-18T19:09:00,4983,4984,4954,4960
2021-08-18T19:14:00,4959,4961,4953,4960
2021-08-18T19:19:00,4958,4958,4948,4952
2021-08-18T19:24:00,4953,4967,4948,4964
2021-08-18T19:29:00,4964,4979,4964,4979
2021-08-18T19:34:00,4980,4980,4965,4966
2021-08-18T19:39:00,4967,4973,4958,4970
2021-08-18T19:44:00,4972,4973,4962,4966
2021-08-18T19:49:00,4967,4967,4955,4959
2021-08-18T19:54:00,4957,4960,4951,4951
2021-08-18T19:59:00,4951,4953,4941,4943
2021-08-18T20:04:00,4949,4957,4919,4938
2021-08-18T20:09:00,4937,4955,4937,4941
2021-08-18T20:14:00,4942,4942,4920,4927
2021-08-18T20:19:00,4936,4947,4923,4940
2021-08-18T20:24:00,4935,4947,4935,4944
2021-08-18T20:29:00,4945,4953,4936,4953
2021-08-18T20:34:00,4949,4963,4947,4960
2021-08-18T20:39:00,4958,4963,4953,4959
2021-08-18T20:44:00,4959,4966,4951,4951
2021-08-18T20:49:00,4951,4959,4951,4955
2021-08-18T20:54:00,4951,4969,4951,4965
2021-08-18T20:59:00,4965,4965,4958,4958
2021-08-18T21:04:00,4956,4956,4940,4942
2021-08-18T21:09:00,4941,4944,4930,4930
2021-08-18T21:14:00,4928,4931,4903,4905
2021-08-18T21:19:00,4905,4921,4905,4914
2021-08-18T21:24:00,4910,4920,4903,4918
2021-08-18T21:29:00,4914,4924,4914,4918
2021-08-18T21:34:00,4920,4926,4911,4912
2021-08-18T21:39:00,4912,4912,4895,4895
2021-08-18T21:44:00,4903,4903,4891,4900
2021-08-18T21:49:00,4900,4904,4889,4894
2021-08-18T21:54:00,4894,4894,4880,4887
2021-08-18T21:59:00,4891,4892,4879,4882
2021-08-18T22:04:00,4882,4891,4882,4886
2021-08-18T22:09:00,4888,4894,4885,4891
2021-08-18T22:14:00,4887,4887,4882,4883
2021-08-18T22:19:00,4883,4891,4883,4889
2021-08-18T22:24:00,4889,4889,4883,4884
2021-08-18T22:29:00,4884,4884,4867,4870
2021-08-18T22:34:00,4870,4882,4851,4881
2021-08-18T22:39:00,4882,4890,4878,4890
2021-08-18T22:44:00,4888,4889,4883,4885
2021-08-18T22:49:00,4884,4887,4874,4874
2021-08-18T22:54:00,4876,4889,4870,4888
2021-08-19T17:14:00,4887,4888,4689,4696
2021-08-19T17:19:00,4696,4707,4696,4705
2021-08-19T17:24:00,4704,4704,4692,4692
2021-08-19T17:29:00,4691,4702,4687,4702
2021-08-19T17:34:00,4702,4710,4665,4684
2021-08-19T17:39:00,4686,4699,4677,4696
2021-08-19T17:44:00,4696,4706,4696,4703
2021-08-19T17:49:00,4701,4705,4694,4696
2021-08-19T17:54:00,4697,4714,4697,4710
2021-08-19T17:59:00,4713,4716,4708,4712
2021-08-19T18:04:00,4711,4715,4710,4710
2021-08-19T18:09:00,4709,4718,4709,4717
2021-08-19T18:14:00,4719,4722,4716,4717
2021-08-19T18:19:00,4717,4720,4713,4714
2021-08-19T18:24:00,4714,4714,4702,4711
2021-08-19T18:29:00,4711,4715,4706,4709
2021-08-19T18:34:00,4705,4714,4705,4710
2021-08-19T18:39:00,4714,4732,4713,4732
2021-08-19T18:44:00,4730,4740,4730,4734
2021-08-19T18:49:00,4733,4733,4718,4720
2021-08-19T18:54:00,4717,4717,4702,4702
2021-08-19T20:44:00,4702,4706,4670,4670
2021-08-19T20:49:00,4668,4682,4662,4678
2021-08-19T20:54:00,4678,4678,4667,4672
2021-08-19T20:59:00,4668,4675,4666,4675
2021-08-19T21:04:00,4672,4676,4667,4667
2021-08-19T21:08:00,4666,4669,4661,4667
2021-08-19T22:12:00,4661,4699,4661,4699
2021-08-19T22:19:00,4700,4710,4700,4709
2021-08-19T22:24:00,4709,4713,4706,4707
2021-08-19T22:29:00,4705,4711,4697,4709
2021-08-19T22:34:00,4710,4710,4699,4699
2021-08-19T22:39:00,4698,4702,4697,4700
2021-08-19T22:44:00,4700,4700,4694,4699
2021-08-19T22:49:00,4696,4705,4694,4705
2021-08-19T22:54:00,4705,4714,4705,4714
2021-08-19T22:58:00,4719,4725,4719,4723
2021-08-19T23:04:00,4723,4723,4718,4721
2021-08-19T23:09:00,4723,4723,4715,4720
2021-08-19T23:14:00,4720,4732,4720,4729
2021-08-19T23:19:00,4727,4729,4718,4719
2021-08-19T23:24:00,4719,4719,4707,4707
2021-08-19T23:29:00,4709,4709,4698,4698
2021-08-19T23:29:00,4702,4705,4698,4698
2021-08-19T23:29:00,4702,4705,4698,4698
2021-08-19T23:29:00,4702,4705,4698,4698
2021-08-19T23:29:00,4702,4705,4698,4698
2021-08-19T23:29:00,4702,4705,4698,4698
2021-08-19T23:29:00,4702,4705,4698,4698
2021-08-19T23:29:00,4702,4705,4698,4698
2021-08-19T23:29:00,4702,4705,4698,4698
2021-08-19T23:29:00,4702,4705,4698,4698
2021-08-19T23:29:00,4702,4705,4698,4698
2021-08-19T23:29:00,4702,4705,4698,4698
2021-08-19T23:29:00,4702,4705,4698,4698
2021-08-19T23:29:00,4702,4705,4698,4698
2021-08-19T23:29:00,4702,4705,4698,4698
2021-08-19T23:29:00,4702,4705,4698,4698
2021-08-19T23:29:00,4702,4705,4698,4698
2021-08-19T23:29:00,4702,4705,4698,4698
2021-08-19T23:29:00,4702,4705,4698,4698
2021-08-19T23:29:00,4702,4705,4698,4698
2021-08-19T23:29:00,4702,4705,4698,4698
2021-08-19T23:29:00,4702,4705,4698,4698
2021-08-19T23:29:00,4702,4705,4698,4698
2021-08-19T23:29:00,4702,4705,4698,4698
2021-08-19T23:29:00,4702,4705,4698,4698
2021-08-19T23:29:00,4702,4705,4698,4698
2021-08-19T23:29:00,4702,4705,4698,4698
2021-08-19T23:29:00,4702,4705,4698,4698
2021-08-19T23:29:00,4702,4705,4698,4698
2021-08-19T23:29:00,4702,4705,4698,4698
2021-08-19T23:29:00,4702,4705,4698,4698
2021-08-19T23:29:00,4702,4705,4698,4698
2021-08-19T23:29:00,4702,4705,4698,4698
2021-08-19T23:29:00,4702,4705,4698,4698
2021-08-20T10:49:00,4702,4758,4698,4758
2021-08-20T10:54:00,4757,4760,4756,4760
2021-08-20T10:59:00,4759,4759,4755,4756
2021-08-20T11:04:00,4756,4761,4755,4757
2021-08-20T11:09:00,4757,4759,4755,4757
2021-08-20T11:14:00,4758,4760,4755,4757
2021-08-20T11:19:00,4757,4762,4757,4761
2021-08-20T11:24:00,4761,4764,4761,4764
2021-08-20T11:29:00,4764,4765,4761,4764
2021-08-20T11:34:00,4765,4765,4751,4763
2021-08-20T11:39:00,4763,4770,4761,4768
2021-08-20T11:44:00,4768,4771,4765,4771
2021-08-20T11:49:00,4771,4771,4768,4769
2021-08-20T11:54:00,4768,4769,4764,4768
2021-08-20T11:59:00,4769,4769,4765,4766
2021-08-20T12:04:00,4765,4766,4759,4762
2021-08-20T12:09:00,4762,4766,4760,4765
2021-08-20T12:14:00,4766,4766,4761,4764
2021-08-20T12:19:00,4765,4765,4760,4765
2021-08-20T12:24:00,4764,4770,4764,4770
2021-08-20T12:29:00,4770,4774,4766,4766
2021-08-20T12:34:00,4766,4769,4755,4769
2021-08-20T12:39:00,4769,4774,4766,4770
2021-08-20T12:44:00,4770,4777,4764,4772
2021-08-20T12:49:00,4769,4772,4761,4762
2021-08-20T12:54:00,4760,4764,4753,4756
2021-08-20T12:59:00,4753,4753,4741,4746
2021-08-20T13:04:00,4746,4748,4740,4740
2021-08-20T13:34:00,4746,4751,4737,4745
2021-08-20T13:39:00,4746,4748,4741,4741
2021-08-20T13:44:00,4741,4741,4736,4738
2021-08-20T13:49:00,4739,4742,4734,4739
2021-08-20T13:54:00,4739,4739,4723,4724
2021-08-20T13:59:00,4724,4749,4724,4746
2021-08-20T14:04:00,4745,4745,4734,4739
2021-08-20T14:09:00,4740,4740,4725,4726
2021-08-20T14:14:00,4726,4731,4720,4730
2021-08-20T14:19:00,4728,4731,4725,4728
2021-08-20T14:24:00,4728,4734,4726,4732
2021-08-20T14:29:00,4734,4743,4734,4738
2021-08-20T14:34:00,4736,4741,4733,4737
2021-08-20T14:39:00,4738,4740,4736,4737
2021-08-20T14:44:00,4737,4737,4718,4723
2021-08-20T14:49:00,4722,4726,4720,4724
2021-08-20T14:54:00,4724,4725,4721,4723
2021-08-20T14:59:00,4723,4727,4722,4722
2021-08-20T15:04:00,4724,4724,4715,4720
2021-08-20T15:09:00,4720,4731,4720,4728
2021-08-20T15:14:00,4727,4731,4726,4730
2021-08-20T15:19:00,4730,4733,4728,4730
2021-08-20T15:24:00,4731,4732,4723,4724
2021-08-20T15:29:00,4725,4725,4717,4718
2021-08-20T15:49:00,4718,4720,4704,4706
2021-08-20T15:54:00,4705,4705,4700,4702
2021-08-20T15:59:00,4703,4710,4703,4710
2021-08-20T16:04:00,4710,4711,4707,4707
2021-08-20T16:09:00,4707,4707,4700,4704
2021-08-20T16:14:00,4704,4711,4704,4709
2021-08-20T16:18:00,4709,4710,4706,4708
2021-08-20T16:24:00,4708,4714,4705,4705
2021-08-20T16:29:00,4703,4706,4698,4701
2021-08-20T16:34:00,4701,4702,4697,4700
2021-08-20T16:39:00,4701,4714,4700,4701
2021-08-20T16:44:00,4701,4706,4701,4706
2021-08-20T16:49:00,4706,4708,4704,4704
2021-08-20T16:54:00,4703,4709,4703,4706
2021-08-20T16:59:00,4707,4709,4703,4708
2021-08-20T17:04:00,4706,4708,4703,4704
2021-08-20T17:09:00,4706,4709,4701,4704
2021-08-20T17:14:00,4706,4719,4706,4708
2021-08-20T17:19:00,4708,4708,4690,4693
2021-08-20T17:24:00,4692,4692,4685,4685
2021-08-20T17:29:00,4685,4688,4675,4677
2021-08-20T17:34:00,4678,4680,4672,4677
2021-08-20T17:39:00,4676,4676,4655,4665
2021-08-20T17:44:00,4664,4669,4658,4660
2021-08-20T17:49:00,4659,4659,4649,4653
2021-08-20T17:54:00,4652,4658,4651,4651
2021-08-20T17:59:00,4651,4654,4639,4650
2021-08-20T18:04:00,4649,4649,4636,4645
2021-08-23T12:54:00,4722,4724,4720,4721
2021-08-23T12:59:00,4720,4720,4710,4713
2021-08-23T13:04:00,4712,4724,4712,4720
2021-08-23T13:09:00,4722,4727,4719,4726
2021-08-23T13:14:00,4725,4727,4720,4724
2021-08-23T13:19:00,4723,4724,4718,4721
2021-08-23T13:44:00,4721,4746,4721,4745
2021-08-23T13:49:00,4745,4755,4743,4753
2021-08-23T13:54:00,4753,4763,4752,4757
2021-08-23T13:59:00,4757,4759,4750,4751
2021-08-23T14:04:00,4752,4768,4752,4765
2021-08-23T14:09:00,4766,4774,4763,4772
2021-08-23T14:14:00,4771,4771,4765,4765
2021-08-23T14:19:00,4763,4768,4760,4768
2021-08-23T14:24:00,4767,4770,4767,4768
2021-08-23T14:29:00,4768,4781,4767,4778
2021-08-23T14:34:00,4779,4786,4776,4782
2021-08-23T14:39:00,4784,4784,4780,4783
2021-08-23T14:44:00,4783,4789,4781,4783
2021-08-23T14:49:00,4783,4783,4772,4774
2021-08-23T14:54:00,4775,4775,4769,4769
2021-08-23T14:59:00,4770,4774,4769,4770
2021-08-23T15:04:00,4771,4778,4771,4776
2021-08-23T15:09:00,4778,4785,4778,4784
2021-08-23T15:14:00,4784,4785,4781,4783
2021-08-23T15:19:00,4783,4786,4777,4780
2021-08-23T15:24:00,4778,4778,4766,4766
2021-08-23T15:29:00,4766,4768,4755,4755
2021-08-23T15:34:00,4755,4760,4754,4758
2021-08-23T15:39:00,4757,4761,4753,4753
2021-08-23T15:44:00,4753,4759,4753,4754
2021-08-23T15:49:00,4754,4765,4754,4762
2021-08-23T15:54:00,4762,4764,4761,4763
2021-08-23T15:59:00,4763,4771,4763,4767
2021-08-23T16:04:00,4766,4773,4764,4773
2021-08-23T16:09:00,4774,4774,4760,4763
2021-08-23T16:14:00,4763,4763,4759,4760
2021-08-23T16:19:00,4760,4764,4759,4760
2021-08-23T16:24:00,4759,4767,4759,4763
2021-08-23T16:29:00,4763,4766,4760,4760
2021-08-23T16:59:00,4760,4762,4751,4755
2021-08-23T17:04:00,4755,4769,4755,4768
2021-08-23T17:09:00,4768,4772,4768,4770
2021-08-23T17:14:00,4771,4772,4765,4769
2021-08-23T17:19:00,4768,4771,4765,4770
2021-08-23T17:24:00,4770,4770,4768,4768
2021-08-23T17:29:00,4769,4773,4768,4773
2021-08-23T17:34:00,4769,4773,4766,4768
2021-08-23T17:39:00,4769,4776,4769,4773
2021-08-23T17:44:00,4772,4774,4767,4771
2021-08-23T17:49:00,4772,4772,4767,4770
2021-08-23T17:54:00,4770,4774,4768,4768
2021-08-23T17:59:00,4768,4772,4768,4771
2021-08-23T18:04:00,4771,4778,4763,4769
2021-08-23T18:09:00,4769,4774,4769,4773
2021-08-23T18:14:00,4773,4774,4770,4771
2021-08-23T18:19:00,4771,4771,4762,4764
2021-08-23T18:24:00,4764,4773,4764,4773
2021-08-23T18:29:00,4774,4774,4768,4771
2021-08-23T18:34:00,4771,4780,4749,4771
2021-08-23T18:39:00,4772,4788,4772,4780
2021-08-23T18:44:00,4782,4800,4782,4798
2021-08-23T18:49:00,4798,4813,4798,4808
2021-08-23T18:54:00,4808,4815,4808,4810
2021-08-23T18:59:00,4812,4817,4808,4809
2021-08-23T19:04:00,4810,4821,4806,4810
2021-08-23T19:09:00,4811,4819,4810,4817
2021-08-23T19:14:00,4817,4826,4817,4825
2021-08-23T19:19:00,4827,4834,4825,4831
2021-08-23T19:24:00,4830,4849,4830,4846
2021-08-23T19:29:00,4847,4848,4835,4835
2021-08-23T19:34:00,4838,4857,4838,4848
2021-08-23T19:39:00,4850,4850,4835,4836
2021-08-23T19:44:00,4837,4846,4837,4845
2021-08-23T19:49:00,4846,4858,4846,4852
2021-08-23T19:54:00,4854,4855,4844,4851
2021-08-23T19:59:00,4852,4860,4852,4857
2021-08-23T20:04:00,4858,4868,4858,4866
2021-08-23T20:09:00,4866,4867,4861,4861
2021-08-23T20:14:00,4861,4861,4844,4857
2021-08-23T20:19:00,4858,4878,4858,4872
2021-08-23T20:24:00,4871,4892,4871,4890
2021-08-23T20:34:00,4897,4901,4877,4885
2021-08-23T20:39:00,4884,4884,4856,4862
2021-08-23T20:44:00,4863,4864,4854,4859
2021-08-23T20:49:00,4860,4866,4847,4848
2021-08-23T20:54:00,4849,4875,4849,4874
2021-08-23T20:59:00,4874,4880,4872,4879
2021-08-23T21:04:00,4879,4887,4867,4868
2021-08-23T21:09:00,4868,4874,4861,4864
2021-08-23T21:14:00,4865,4879,4865,4865
2021-08-23T21:19:00,4866,4870,4865,4868
2021-08-23T21:24:00,4866,4877,4866,4877
2021-08-23T21:29:00,4875,4876,4867,4872
2021-08-23T21:34:00,4872,4889,4872,4887
2021-08-23T21:39:00,4888,4892,4886,4888
2021-08-23T21:44:00,4887,4893,4887,4891
2021-08-23T21:49:00,4892,4893,4886,4890
2021-08-23T21:54:00,4890,4893,4883,4884
2021-08-23T21:59:00,4885,4886,4880,4881
2021-08-23T22:04:00,4881,4885,4874,4875
2021-08-23T22:09:00,4874,4881,4874,4876
2021-08-23T22:14:00,4876,4876,4868,4868
2021-08-23T22:19:00,4868,4872,4866,4868
2021-08-23T22:24:00,4870,4870,4861,4865
2021-08-23T22:29:00,4864,4866,4859,4861
2021-08-23T22:34:00,4862,4877,4862,4873
2021-08-23T22:39:00,4873,4879,4873,4878
2021-08-23T22:44:00,4877,4879,4875,4878
2021-08-23T22:49:00,4878,4885,4878,4883
2021-08-23T22:59:00,4884,4885,4879,4881
2021-08-23T23:04:00,4882,4885,4882,4883
2021-08-23T23:09:00,4884,4885,4881,4883
2021-08-23T23:14:00,4883,4890,4883,4886
2021-08-23T23:19:00,4888,4891,4886,4890
2021-08-23T23:24:00,4891,4891,4885,4886
2021-08-23T23:29:00,4886,4890,4886,4890
2021-08-23T23:29:00,4888,4890,4887,4890
2021-08-23T23:29:00,4888,4890,4887,4890
2021-08-23T23:29:00,4888,4890,4887,4890
2021-08-23T23:29:00,4888,4890,4887,4890
2021-08-23T23:29:00,4888,4890,4887,4890
2021-08-23T23:29:00,4888,4890,4887,4890
2021-08-23T23:29:00,4888,4890,4887,4890
2021-08-23T23:29:00,4888,4890,4887,4890
2021-08-23T23:29:00,4888,4890,4887,4890
2021-08-23T23:29:00,4888,4890,4887,4890
2021-08-23T23:29:00,4888,4890,4887,4890
2021-08-23T23:29:00,4888,4890,4887,4890
2021-08-23T23:29:00,4888,4890,4887,4890
2021-08-23T23:29:00,4888,4890,4887,4890
2021-08-23T23:29:00,4888,4890,4887,4890
2021-08-23T23:29:00,4888,4890,4887,4890
2021-08-23T23:29:00,4888,4890,4887,4890
2021-08-23T23:29:00,4888,4890,4887,4890
2021-08-23T23:29:00,4888,4890,4887,4890
2021-08-23T23:29:00,4888,4890,4887,4890
2021-08-23T23:29:00,4888,4890,4887,4890
2021-08-23T23:29:00,4888,4890,4887,4890
2021-08-23T23:29:00,4888,4890,4887,4890
2021-08-23T23:29:00,4888,4890,4887,4890
2021-08-23T23:29:00,4888,4890,4887,4890
2021-08-23T23:29:00,4888,4890,4887,4890
2021-08-23T23:29:00,4888,4890,4887,4890
2021-08-23T23:29:00,4888,4890,4887,4890
2021-08-23T23:29:00,4888,4890,4887,4890
2021-08-23T23:29:00,4888,4890,4887,4890
2021-08-23T23:29:00,4888,4890,4887,4890
2021-08-23T23:29:00,4888,4890,4887,4890
2021-08-23T23:29:00,4888,4890,4887,4890
2021-08-23T23:29:00,4888,4890,4887,4890
2021-08-23T23:29:00,4888,4890,4887,4890
2021-08-23T23:29:00,4888,4890,4887,4890
2021-08-23T23:29:00,4888,4890,4887,4890
2021-08-23T23:29:00,4888,4890,4887,4890
2021-08-23T23:29:00,4888,4890,4887,4890
2021-08-23T23:29:00,4888,4890,4887,4890
2021-08-23T23:29:00,4888,4890,4887,4890
2021-08-23T23:29:00,4888,4890,4887,4890
2021-08-23T23:29:00,4888,4890,4887,4890
2021-08-23T23:29:00,4888,4890,4887,4890
2021-08-23T23:29:00,4888,4890,4887,4890
2021-08-23T23:29:00,4888,4890,4887,4890
2021-08-23T23:29:00,4888,4890,4887,4890
2021-08-23T23:29:00,4888,4890,4887,4890
2021-08-24T16:19:00,4888,4961,4887,4961
2021-08-24T16:24:00,4959,4962,4959,4962
2021-08-24T16:29:00,4962,4974,4962,4973
2021-08-24T16:34:00,4971,4975,4971,4972
2021-08-24T16:39:00,4973,4973,4967,4971
2021-08-24T16:44:00,4971,4974,4970,4972
2021-08-24T16:49:00,4972,4972,4968,4968
2021-08-24T16:54:00,4967,4968,4963,4963
2021-08-24T16:59:00,4966,4966,4960,4962
2021-08-24T17:04:00,4962,4966,4958,4961
2021-08-24T17:09:00,4961,4964,4961,4961
2021-08-24T17:14:00,4960,4961,4955,4956
2021-08-24T17:19:00,4956,4957,4953,4954
2021-08-24T17:24:00,4955,4958,4952,4955
2021-08-24T17:29:00,4955,4960,4954,4954
2021-08-24T17:34:00,4954,4958,4944,4948
2021-08-24T17:39:00,4948,4954,4946,4946
2021-08-24T17:44:00,4947,4948,4945,4948
2021-08-24T17:49:00,4948,4950,4943,4948
2021-08-24T17:54:00,4949,4958,4949,4957
2021-08-24T17:59:00,4954,4962,4950,4953
2021-08-24T18:04:00,4950,4958,4950,4953
2021-08-24T18:09:00,4954,4954,4942,4944
2021-08-24T18:14:00,4944,4946,4936,4941
2021-08-24T18:19:00,4939,4941,4933,4937
2021-08-24T18:24:00,4936,4949,4936,4947
2021-08-24T18:29:00,4948,4954,4947,4951
2021-08-24T18:34:00,4953,4953,4934,4939
2021-08-24T18:39:00,4937,4945,4935,4941
2021-08-24T18:44:00,4937,4942,4934,4937
2021-08-24T18:49:00,4937,4948,4929,4941
2021-08-24T18:54:00,4948,4949,4936,4949
2021-08-24T18:59:00,4949,4954,4947,4950
2021-08-24T19:04:00,4950,4969,4950,4953
2021-08-24T19:09:00,4951,4979,4951,4976
2021-08-24T19:14:00,4977,4993,4977,4982
2021-08-24T19:19:00,4982,4987,4976,4978
2021-08-24T19:24:00,4978,4988,4977,4985
2021-08-24T19:29:00,4985,4991,4985,4987
2021-08-24T19:34:00,4987,4992,4975,4982
2021-08-24T19:39:00,4980,4983,4973,4981
2021-08-24T19:44:00,4982,4993,4982,4992
2021-08-24T19:49:00,4987,4995,4982,4985
2021-08-24T19:54:00,4985,4989,4981,4981
2021-08-24T19:59:00,4982,5000,4982,4998
2021-08-24T20:04:00,5000,5006,5000,5002
2021-08-24T20:09:00,5003,5003,4994,4997
2021-08-24T20:14:00,4996,4999,4986,4991
2021-08-24T20:19:00,4992,4993,4988,4991
2021-08-24T20:24:00,4992,5003,4992,4999
2021-08-24T20:29:00,5000,5010,5000,5008
2021-08-24T20:34:00,5008,5010,5004,5010
2021-08-24T20:39:00,5010,5020,5007,5018
2021-08-24T20:44:00,5018,5024,5016,5017
2021-08-24T20:49:00,5018,5026,5013,5015
2021-08-24T20:54:00,5015,5022,5012,5012
2021-08-24T20:59:00,5012,5012,5004,5006
2021-08-24T21:04:00,5007,5010,4997,4997
2021-08-24T21:09:00,4998,5000,4991,4996
2021-08-24T21:14:00,4996,4996,4989,4993
2021-08-24T21:19:00,4994,5000,4994,4998
2021-08-24T21:24:00,5000,5004,4999,4999
2021-08-24T21:29:00,4998,5001,4987,4998
2021-08-24T21:34:00,4996,5003,4996,5001
2021-08-24T21:39:00,5002,5008,4999,5007
2021-08-24T21:44:00,5006,5016,5006,5012
2021-08-24T21:49:00,5012,5016,5009,5016
2021-08-24T21:54:00,5014,5014,5009,5011
2021-08-24T21:59:00,5012,5014,5010,5010
2021-08-24T22:04:00,5012,5015,5011,5014
2021-08-24T22:09:00,5013,5014,5009,5013
2021-08-24T22:14:00,5013,5026,5013,5024
2021-08-24T22:19:00,5024,5025,5017,5020
2021-08-24T22:24:00,5021,5027,5020,5021
2021-08-24T22:29:00,5021,5030,5021,5026
2021-08-24T22:34:00,5026,5026,5019,5025
2021-08-24T22:39:00,5025,5025,5016,5020
2021-08-24T22:44:00,5018,5019,5015,5016
2021-08-24T22:49:00,5016,5022,5016,5019
2021-08-24T22:54:00,5019,5019,5016,5018
2021-08-24T22:59:00,5016,5016,5011,5011
2021-08-24T23:04:00,5011,5017,5010,5017
2021-08-24T23:09:00,5016,5021,5015,5021
2021-08-24T23:14:00,5020,5024,5018,5020
2021-08-24T23:19:00,5023,5027,5019,5023
