Index,Open,High,Low,Close,Vol,OI
2021-08-10T13:39:00,46025,46045,46025,46029
2021-08-10T13:44:00,46033,46035,46018,46022
2021-08-10T13:49:00,46028,46047,46022,46041
2021-08-10T13:53:00,46031,46043,46031,46038
2021-08-10T13:59:00,46043,46043,46028,46031
2021-08-10T14:04:00,46029,46029,45975,45980
2021-08-10T14:09:00,45977,45977,45928,45940
2021-08-10T14:14:00,45940,45991,45940,45981
2021-08-10T14:19:00,45980,45990,45966,45985
2021-08-10T14:24:00,45975,45987,45965,45977
2021-08-10T14:29:00,45975,45990,45969,45989
2021-08-10T14:34:00,45985,45985,45945,45963
2021-08-10T14:39:00,45963,45976,45953,45954
2021-08-10T14:44:00,45950,45958,45934,45939
2021-08-10T14:49:00,45943,45943,45916,45916
2021-08-10T14:54:00,45919,45935,45907,45927
2021-08-10T14:59:00,45927,45931,45920,45922
2021-08-10T15:04:00,45928,45944,45922,45935
2021-08-10T15:09:00,45939,45969,45930,45957
2021-08-10T15:14:00,45954,45956,45945,45950
2021-08-10T15:19:00,45951,45957,45936,45951
2021-08-10T15:24:00,45951,45960,45948,45956
2021-08-10T15:29:00,45960,45970,45950,45950
2021-08-10T15:34:00,45950,45956,45945,45956
2021-08-10T15:39:00,45956,45956,45925,45941
2021-08-10T15:44:00,45945,45961,45929,45929
2021-08-10T17:49:00,45920,45983,45920,45980
2021-08-10T17:54:00,45970,45972,45933,45939
2021-08-10T17:59:00,45945,45945,45895,45895
2021-08-10T18:04:00,45900,45917,45877,45903
2021-08-10T18:09:00,45896,45910,45880,45880
2021-08-10T18:14:00,45880,45880,45829,45829
2021-08-10T18:19:00,45837,45870,45830,45866
2021-08-10T18:24:00,45872,45872,45846,45868
2021-08-10T18:29:00,45865,45884,45856,45857
2021-08-10T18:34:00,45862,45912,45862,45904
2021-08-10T18:39:00,45906,45906,45870,45872
2021-08-10T18:44:00,45873,45879,45844,45877
2021-08-10T18:49:00,45874,45897,45855,45881
2021-08-10T18:54:00,45883,45883,45855,45855
2021-08-10T18:59:00,45859,45859,45835,45838
2021-08-10T19:04:00,45835,45901,45835,45880
2021-08-10T19:09:00,45874,45874,45777,45777
2021-08-10T19:14:00,45767,45842,45755,45839
2021-08-10T19:19:00,45839,45839,45766,45775
2021-08-10T19:24:00,45795,45841,45795,45824
2021-08-10T19:29:00,45815,45831,45795,45800
2021-08-10T19:34:00,45800,45827,45760,45769
2021-08-10T19:39:00,45765,45794,45763,45789
2021-08-10T19:44:00,45797,45797,45709,45714
2021-08-10T19:49:00,45715,45752,45715,45745
2021-08-10T19:54:00,45750,45822,45750,45821
2021-08-10T19:59:00,45821,45860,45820,45826
2021-08-10T20:04:00,45822,45855,45817,45817
2021-08-10T20:09:00,45839,45856,45825,45844
2021-08-10T20:14:00,45845,45900,45845,45898
2021-08-10T20:19:00,45900,45900,45855,45855
2021-08-10T20:24:00,45858,45888,45858,45871
2021-08-10T20:29:00,45865,45881,45865,45881
2021-08-10T20:34:00,45878,45914,45873,45905
2021-08-10T20:39:00,45901,45915,45892,45903
2021-08-10T20:49:00,45899,45905,45885,45905
2021-08-10T20:54:00,45905,45905,45890,45890
2021-08-10T20:59:00,45890,45890,45877,45879
2021-08-10T21:04:00,45885,45885,45862,45874
2021-08-10T21:09:00,45867,45931,45867,45931
2021-08-10T21:14:00,45932,45990,45929,45983
2021-08-10T21:19:00,45970,45999,45954,45990
2021-08-10T21:24:00,45994,45997,45970,45988
2021-08-10T21:29:00,45990,46011,45978,45979
2021-08-10T21:34:00,45979,45979,45930,45930
2021-08-10T21:39:00,45928,45942,45918,45932
2021-08-10T21:44:00,45930,45940,45913,45940
2021-08-10T21:49:00,45941,45973,45938,45973
2021-08-10T21:54:00,45979,45979,45965,45973
2021-08-10T21:59:00,45971,45977,45963,45963
2021-08-10T22:04:00,45966,45966,45932,45933
2021-08-10T22:09:00,45934,45939,45925,45927
2021-08-10T22:14:00,45932,45932,45905,45911
2021-08-10T22:19:00,45906,45910,45900,45907
2021-08-10T22:24:00,45900,45910,45900,45907
2021-08-10T22:29:00,45907,45925,45907,45910
2021-08-10T22:34:00,45910,45910,45902,45905
2021-08-10T22:39:00,45910,45935,45904,45934
2021-08-10T22:44:00,45930,45948,45927,45938
2021-08-10T22:49:00,45940,45945,45920,45945
2021-08-10T22:54:00,45947,45947,45926,45941
2021-08-10T22:59:00,45941,45959,45925,45927
2021-08-10T23:04:00,45926,45936,45920,45936
2021-08-10T23:09:00,45937,45937,45920,45921
2021-08-10T23:14:00,45927,45941,45922,45936
2021-08-10T23:19:00,45935,45957,45931,45945
2021-08-10T23:24:00,45941,45950,45934,45947
2021-08-10T23:29:00,45948,45948,45930,45934
2021-08-10T23:29:00,45936,45944,45930,45934
2021-08-10T23:29:00,45936,45944,45930,45934
2021-08-10T23:29:00,45936,45944,45930,45934
2021-08-10T23:29:00,45936,45944,45930,45934
2021-08-10T23:29:00,45936,45944,45930,45934
2021-08-11T13:14:00,45936,46016,45930,46016
2021-08-11T13:44:00,45990,45990,45975,45980
2021-08-11T14:19:00,45975,46010,45975,46003
2021-08-11T14:24:00,46006,46020,45999,46006
2021-08-11T14:29:00,46007,46010,46005,46008
2021-08-11T14:34:00,46005,46012,45999,46001
2021-08-11T14:39:00,46000,46009,45995,46006
2021-08-11T14:44:00,45998,46004,45996,46004
2021-08-11T15:49:00,46015,46071,46012,46053
2021-08-11T15:54:00,46055,46061,46043,46050
2021-08-11T15:59:00,46051,46080,46040,46073
2021-08-11T16:04:00,46070,46070,46060,46065
2021-08-11T16:09:00,46070,46085,46065,46074
2021-08-11T16:14:00,46075,46084,46075,46080
2021-08-11T16:19:00,46078,46080,46060,46066
2021-08-11T16:24:00,46067,46078,46065,46077
2021-08-11T16:29:00,46075,46120,46057,46097
2021-08-11T16:34:00,46090,46110,46090,46099
2021-08-11T16:39:00,46100,46102,46090,46090
2021-08-11T16:44:00,46091,46093,46080,46080
2021-08-11T16:49:00,46080,46101,46080,46085
2021-08-11T16:54:00,46085,46088,46080,46082
2021-08-11T16:59:00,46080,46105,46080,46097
2021-08-11T17:04:00,46095,46096,46068,46075
2021-08-11T17:09:00,46075,46105,46075,46097
2021-08-11T17:14:00,46094,46097,46086,46097
2021-08-11T17:19:00,46099,46099,46085,46092
2021-08-11T17:24:00,46091,46099,46090,46090
2021-08-11T17:29:00,46085,46095,46085,46095
2021-08-11T17:34:00,46095,46140,46095,46140
2021-08-11T17:39:00,46140,46151,46135,46135
2021-08-11T17:44:00,46126,46126,46078,46104
2021-08-11T17:49:00,46106,46106,46085,46092
2021-08-11T17:54:00,46085,46085,46006,46017
2021-08-11T17:59:00,46025,46051,46016,46020
2021-08-11T18:04:00,46160,46160,46010,46071
2021-08-11T18:09:00,46080,46219,46080,46193
2021-08-11T18:14:00,46200,46243,46189,46206
2021-08-11T18:19:00,46225,46248,46200,46232
2021-08-11T18:24:00,46238,46238,46120,46120
2021-08-11T18:29:00,46115,46208,46115,46196
2021-08-11T19:34:00,46160,46178,46134,46146
2021-08-11T19:39:00,46151,46170,46140,46162
2021-08-11T19:44:00,46160,46162,46140,46147
2021-08-11T19:49:00,46155,46178,46150,46160
2021-08-11T19:54:00,46155,46175,46130,46150
2021-08-11T19:59:00,46156,46156,46140,46155
2021-08-11T20:04:00,46143,46150,46121,46144
2021-08-11T20:09:00,46151,46160,46150,46156
2021-08-11T20:14:00,46160,46170,46148,46148
2021-08-11T20:19:00,46151,46194,46151,46194
2021-08-11T20:24:00,46194,46197,46177,46195
2021-08-11T20:29:00,46190,46208,46183,46206
2021-08-11T20:34:00,46200,46237,46191,46229
2021-08-11T20:39:00,46230,46275,46229,46266
2021-08-11T20:44:00,46270,46300,46270,46291
2021-08-11T20:49:00,46290,46297,46247,46269
2021-08-11T20:53:00,46261,46270,46247,46260
2021-08-11T20:59:00,46264,46280,46253,46280
2021-08-11T21:04:00,46280,46298,46271,46297
2021-08-11T21:09:00,46298,46309,46283,46290
2021-08-11T21:14:00,46292,46318,46288,46314
2021-08-11T21:19:00,46314,46328,46305,46325
2021-08-11T21:24:00,46320,46362,46320,46356
2021-08-11T21:29:00,46356,46368,46338,46350
2021-08-11T21:34:00,46350,46353,46306,46310
2021-08-11T21:39:00,46310,46310,46271,46279
2021-08-11T21:44:00,46275,46275,46252,46273
2021-08-11T21:49:00,46273,46311,46272,46302
2021-08-11T21:54:00,46297,46304,46289,46289
2021-08-11T21:59:00,46290,46290,46255,46280
2021-08-11T22:04:00,46276,46289,46275,46275
2021-08-11T22:34:00,46277,46386,46258,46345
2021-08-11T22:39:00,46340,46361,46323,46340
2021-08-11T22:44:00,46346,46380,46341,46348
2021-08-11T22:49:00,46348,46348,46322,46340
2021-08-11T22:54:00,46339,46365,46339,46355
2021-08-11T22:59:00,46355,46358,46332,46342
2021-08-11T23:04:00,46343,46355,46336,46352
2021-08-11T23:09:00,46353,46356,46336,46346
2021-08-11T23:14:00,46337,46342,46327,46335
2021-08-11T23:19:00,46344,46396,46344,46355
2021-08-11T23:24:00,46357,46360,46338,46350
2021-08-11T23:29:00,46351,46360,46343,46360
2021-08-11T23:29:00,46356,46360,46351,46360
2021-08-11T23:29:00,46356,46360,46351,46360
2021-08-12T11:04:00,46356,46368,46346,46368
2021-08-12T11:09:00,46366,46366,46355,46355
2021-08-12T11:14:00,46352,46375,46352,46359
2021-08-12T11:19:00,46359,46371,46350,46350
2021-08-12T11:24:00,46357,46358,46332,46332
2021-08-12T11:29:00,46330,46352,46330,46345
2021-08-12T11:34:00,46330,46345,46330,46333
2021-08-12T11:39:00,46335,46344,46327,46340
2021-08-12T11:44:00,46335,46335,46307,46324
2021-08-12T11:49:00,46325,46355,46325,46355
2021-08-12T11:54:00,46360,46389,46360,46388
2021-08-12T11:59:00,46388,46390,46370,46390
2021-08-12T12:04:00,46390,46449,46390,46442
2021-08-12T12:09:00,46441,46452,46417,46421
2021-08-12T12:14:00,46418,46429,46414,46418
2021-08-12T12:19:00,46418,46420,46414,46420
2021-08-12T12:24:00,46422,46422,46380,46416
2021-08-12T12:29:00,46415,46415,46390,46409
2021-08-12T13:24:00,46503,46510,46486,46490
2021-08-12T13:29:00,46496,46505,46469,46475
2021-08-12T13:34:00,46475,46485,46460,46480
2021-08-12T13:39:00,46480,46480,46444,46444
2021-08-12T13:44:00,46446,46468,46430,46432
2021-08-12T13:49:00,46439,46455,46439,46449
2021-08-12T13:54:00,46442,46444,46438,46440
2021-08-12T13:59:00,46440,46441,46430,46441
2021-08-12T14:04:00,46439,46439,46416,46416
2021-08-12T14:09:00,46425,46445,46425,46445
2021-08-12T14:14:00,46434,46449,46432,46434
2021-08-12T14:19:00,46444,46466,46442,46462
2021-08-12T14:24:00,46462,46463,46452,46452
2021-08-12T14:29:00,46455,46455,46446,46448
2021-08-12T14:34:00,46448,46465,46444,46465
2021-08-12T14:39:00,46460,46463,46437,46440
2021-08-12T14:44:00,46442,46453,46442,46450
2021-08-12T14:49:00,46448,46452,46448,46452
2021-08-12T14:54:00,46452,46457,46440,46443
2021-08-12T14:57:00,46450,46450,46428,46432
2021-08-12T15:04:00,46431,46433,46417,46433
2021-08-12T15:09:00,46441,46441,46419,46420
2021-08-12T15:14:00,46415,46422,46403,46410
2021-08-12T15:19:00,46412,46412,46380,46400
2021-08-12T15:24:00,46400,46410,46395,46395
2021-08-12T15:29:00,46394,46398,46383,46386
2021-08-12T15:34:00,46392,46392,46352,46358
2021-08-12T15:39:00,46360,46377,46356,46376
2021-08-12T15:44:00,46370,46383,46356,46383
2021-08-12T15:49:00,46383,46389,46375,46376
2021-08-12T15:54:00,46380,46380,46350,46365
2021-08-12T15:59:00,46360,46380,46356,46380
2021-08-12T16:04:00,46380,46399,46376,46399
2021-08-12T16:09:00,46395,46401,46386,46394
2021-08-12T16:14:00,46386,46396,46377,46386
2021-08-12T16:19:00,46382,46382,46363,46363
2021-08-12T16:24:00,46369,46373,46349,46363
2021-08-12T16:29:00,46363,46363,46350,46350
2021-08-12T16:34:00,46353,46360,46340,46360
2021-08-12T16:39:00,46358,46358,46327,46332
2021-08-12T16:44:00,46326,46355,46302,46320
2021-08-12T16:49:00,46319,46333,46312,46333
2021-08-12T16:53:00,46331,46341,46329,46340
2021-08-12T16:59:00,46343,46348,46335,46340
2021-08-12T17:04:00,46340,46371,46328,46371
2021-08-12T17:09:00,46373,46373,46360,46360
2021-08-12T17:14:00,46362,46365,46346,46360
2021-08-12T17:19:00,46360,46360,46351,46355
2021-08-12T17:24:00,46353,46363,46340,46342
2021-08-12T17:29:00,46342,46342,46314,46314
2021-08-12T17:34:00,46319,46327,46289,46319
2021-08-12T17:39:00,46320,46350,46319,46340
2021-08-12T17:44:00,46339,46356,46339,46345
2021-08-12T17:49:00,46347,46350,46330,46350
2021-08-12T17:54:00,46325,46325,46270,46287
2021-08-12T17:59:00,46289,46305,46251,46284
2021-08-12T18:04:00,46285,46296,46231,46242
2021-08-12T18:09:00,46244,46290,46244,46268
2021-08-12T18:14:00,46256,46280,46247,46249
2021-08-12T18:19:00,46255,46315,46255,46314
2021-08-12T18:24:00,46318,46318,46275,46283
2021-08-12T18:29:00,46282,46294,46257,46294
2021-08-12T18:34:00,46294,46294,46260,46278
2021-08-12T18:39:00,46286,46320,46284,46315
2021-08-12T18:44:00,46308,46308,46260,46280
2021-08-12T18:49:00,46280,46300,46280,46282
2021-08-12T18:54:00,46292,46295,46281,46295
2021-08-12T18:59:00,46301,46321,46300,46321
2021-08-12T19:09:00,46285,46315,46167,46221
2021-08-12T19:14:00,46228,46280,46224,46278
2021-08-12T19:19:00,46276,46294,46255,46274
2021-08-12T19:24:00,46277,46296,46241,46245
2021-08-12T19:29:00,46251,46287,46240,46287
2021-08-12T19:34:00,46279,46319,46270,46285
2021-08-12T19:39:00,46273,46308,46273,46297
2021-08-12T19:44:00,46297,46297,46260,46272
2021-08-12T22:49:00,46281,46350,46260,46335
2021-08-12T22:54:00,46331,46340,46327,46330
2021-08-12T22:59:00,46335,46346,46319,46323
2021-08-12T23:04:00,46321,46332,46320,46320
2021-08-12T23:09:00,46315,46329,46306,46329
2021-08-12T23:14:00,46331,46340,46326,46330
2021-08-12T23:19:00,46329,46348,46325,46340
2021-08-12T23:24:00,46340,46354,46339,46354
2021-08-12T23:28:00,46350,46357,46348,46348
2021-08-12T23:29:00,46355,46356,46348,46349
2021-08-12T23:29:00,46355,46356,46348,46349
2021-08-12T23:29:00,46355,46356,46348,46349
2021-08-12T23:29:00,46355,46356,46348,46349
2021-08-12T23:29:00,46355,46356,46348,46349
2021-08-12T23:29:00,46355,46356,46348,46349
2021-08-12T23:29:00,46355,46356,46348,46349
2021-08-12T23:29:00,46355,46356,46348,46349
2021-08-12T23:29:00,46355,46356,46348,46349
2021-08-13T10:24:00,46355,46405,46348,46403
2021-08-13T10:34:00,46405,46411,46400,46411
2021-08-13T10:39:00,46410,46425,46410,46420
2021-08-13T10:44:00,46424,46435,46423,46425
2021-08-13T10:49:00,46425,46446,46420,46446
2021-08-13T10:54:00,46441,46441,46424,46437
2021-08-13T10:59:00,46434,46434,46420,46420
2021-08-13T11:04:00,46411,46437,46411,46431
2021-08-13T11:09:00,46431,46454,46431,46441
2021-08-13T19:14:00,46440,46625,46440,46625
2021-08-13T19:19:00,46615,46616,46601,46604
2021-08-13T19:24:00,46608,46635,46608,46629
2021-08-13T19:29:00,46623,46660,46623,46641
2021-08-13T19:34:00,46635,46747,46635,46747
2021-08-13T19:39:00,46747,46880,46747,46878
2021-08-13T19:44:00,46879,46912,46875,46881
2021-08-13T20:09:00,46880,46914,46818,46825
2021-08-13T20:14:00,46829,46845,46825,46840
2021-08-13T20:19:00,46840,46850,46820,46824
2021-08-13T20:24:00,46824,46850,46824,46838
2021-08-13T20:29:00,46845,46855,46833,46848
2021-08-13T20:34:00,46846,46879,46846,46856
2021-08-13T20:39:00,46861,46861,46830,46840
2021-08-13T20:44:00,46840,46861,46828,46861
2021-08-13T20:49:00,46861,46861,46843,46844
2021-08-13T20:54:00,46840,46863,46840,46863
2021-08-13T20:59:00,46858,46874,46848,46874
2021-08-13T21:04:00,46870,46909,46870,46909
2021-08-13T21:09:00,46900,46925,46886,46890
2021-08-13T21:14:00,46887,46912,46870,46890
2021-08-13T21:19:00,46882,46889,46854,46858
2021-08-13T21:24:00,46855,46858,46845,46845
2021-08-13T21:29:00,46845,46856,46835,46856
2021-08-13T21:34:00,46856,46880,46852,46869
2021-08-13T21:39:00,46875,46899,46874,46891
2021-08-13T21:44:00,46893,46910,46883,46888
2021-08-13T21:49:00,46890,46900,46890,46892
2021-08-13T21:54:00,46890,46890,46882,46885
2021-08-13T21:59:00,46885,46898,46885,46898
2021-08-13T22:04:00,46891,46893,46885,46888
2021-08-13T22:09:00,46886,46891,46860,46861
2021-08-13T22:14:00,46861,46876,46861,46872
2021-08-13T22:19:00,46863,46870,46850,46850
2021-08-13T22:24:00,46855,46867,46853,46856
2021-08-13T22:29:00,46851,46861,46851,46861
2021-08-13T22:34:00,46862,46867,46852,46867
2021-08-13T22:39:00,46879,46890,46867,46889
2021-08-13T22:44:00,46888,46888,46871,46873
2021-08-13T22:48:00,46876,46880,46865,46878
2021-08-13T22:54:00,46869,46895,46869,46886
2021-08-13T22:59:00,46891,46891,46881,46882
2021-08-13T23:04:00,46884,46889,46873,46886
2021-08-13T23:09:00,46886,46892,46873,46884
2021-08-13T23:14:00,46887,46892,46870,46879
2021-08-13T23:19:00,46879,46900,46879,46887
2021-08-13T23:29:00,46882,46894,46880,46880
2021-08-13T23:29:00,46887,46888,46880,46880
2021-08-13T23:29:00,46887,46888,46880,46880
2021-08-13T23:29:00,46887,46888,46880,46880
2021-08-13T23:29:00,46887,46888,46880,46880
2021-08-13T23:29:00,46887,46888,46880,46880
2021-08-13T23:29:00,46887,46888,46880,46880
2021-08-13T23:29:00,46887,46888,46880,46880
2021-08-13T23:29:00,46887,46888,46880,46880
2021-08-16T10:38:00,46940,46945,46930,46945
2021-08-16T10:44:00,46941,46944,46910,46910
2021-08-16T10:49:00,46909,46926,46896,46903
2021-08-16T10:54:00,46903,46907,46864,46882
2021-08-16T10:59:00,46880,46887,46874,46887
2021-08-16T11:04:00,46881,46884,46870,46872
2021-08-16T11:09:00,46871,46880,46853,46853
2021-08-16T11:14:00,46854,46873,46854,46871
2021-08-16T11:19:00,46865,46870,46855,46869
2021-08-16T11:24:00,46869,46870,46852,46858
2021-08-16T11:29:00,46853,46867,46853,46861
2021-08-16T11:34:00,46863,46863,46840,46843
2021-08-16T11:39:00,46843,46843,46800,46810
2021-08-16T11:44:00,46802,46822,46802,46815
2021-08-16T11:49:00,46816,46837,46816,46825
2021-08-16T11:54:00,46835,46850,46832,46850
2021-08-16T11:59:00,46850,46864,46850,46850
2021-08-16T12:04:00,46850,46856,46819,46819
2021-08-16T12:09:00,46816,46820,46808,46818
2021-08-16T12:14:00,46810,46820,46804,46805
2021-08-16T12:19:00,46813,46830,46806,46830
2021-08-16T12:24:00,46825,46844,46825,46837
2021-08-16T12:29:00,46836,46836,46821,46825
2021-08-16T12:34:00,46825,46848,46825,46848
2021-08-16T12:39:00,46841,46869,46841,46865
2021-08-16T12:44:00,46865,46880,46860,46880
2021-08-16T12:49:00,46867,46889,46867,46883
2021-08-16T12:54:00,46875,46875,46853,46863
2021-08-16T12:59:00,46853,46871,46853,46862
2021-08-16T13:04:00,46860,46887,46860,46870
2021-08-16T13:08:00,46870,46870,46855,46855
2021-08-16T13:14:00,46857,46865,46850,46853
2021-08-16T13:18:00,46853,46870,46853,46867
2021-08-16T13:24:00,46868,46875,46866,46867
2021-08-16T13:29:00,46870,46870,46835,46856
2021-08-16T13:34:00,46854,46855,46835,46852
2021-08-16T13:39:00,46850,46868,46845,46868
2021-08-16T13:44:00,46876,46876,46846,46846
2021-08-16T13:48:00,46846,46861,46840,46849
2021-08-16T13:54:00,46842,46867,46841,46867
2021-08-16T13:59:00,46863,46884,46863,46884
2021-08-16T14:04:00,46878,46895,46878,46886
2021-08-16T14:09:00,46880,46889,46874,46884
2021-08-16T14:14:00,46880,46880,46863,46870
2021-08-16T14:18:00,46859,46868,46859,46865
2021-08-16T14:24:00,46870,46872,46865,46872
2021-08-16T14:29:00,46866,46875,46853,46870
2021-08-16T14:34:00,46882,46882,46872,46873
2021-08-16T14:39:00,46869,46870,46853,46853
2021-08-16T14:44:00,46858,46866,46856,46865
2021-08-16T14:49:00,46866,46866,46855,46860
2021-08-16T14:54:00,46860,46860,46850,46859
2021-08-16T14:59:00,46858,46862,46851,46854
2021-08-16T15:03:00,46862,46875,46847,46862
2021-08-16T15:09:00,46862,46875,46854,46864
2021-08-16T15:14:00,46852,46862,46836,46836
2021-08-16T15:19:00,46838,46865,46831,46865
2021-08-16T15:24:00,46873,46876,46860,46870
2021-08-16T15:29:00,46872,46880,46869,46872
2021-08-16T15:34:00,46874,46880,46870,46880
2021-08-16T15:39:00,46871,46886,46871,46880
2021-08-16T15:44:00,46883,46907,46881,46900
2021-08-16T15:49:00,46894,46900,46890,46891
2021-08-16T15:54:00,46892,46904,46890,46900
2021-08-16T15:59:00,46897,46906,46877,46882
2021-08-16T16:04:00,46885,46885,46859,46860
2021-08-16T16:09:00,46863,46872,46860,46863
2021-08-16T16:14:00,46870,46879,46860,46871
2021-08-16T16:19:00,46875,46879,46867,46873
2021-08-16T16:23:00,46870,46879,46864,46864
2021-08-16T16:29:00,46868,46870,46856,46856
2021-08-16T16:34:00,46854,46859,46843,46849
2021-08-16T16:39:00,46850,46857,46845,46845
2021-08-16T16:44:00,46850,46850,46822,46826
2021-08-16T16:49:00,46825,46842,46825,46830
2021-08-16T16:54:00,46829,46830,46815,46815
2021-08-16T16:59:00,46820,46835,46813,46820
2021-08-16T17:04:00,46830,46830,46761,46789
2021-08-16T17:09:00,46783,46823,46773,46806
2021-08-16T17:14:00,46808,46820,46800,46803
2021-08-16T17:19:00,46817,46817,46775,46793
2021-08-16T17:24:00,46787,46790,46774,46790
2021-08-16T17:29:00,46790,46806,46781,46805
2021-08-16T17:34:00,46806,46865,46805,46841
2021-08-16T17:39:00,46840,46860,46825,46860
2021-08-16T17:44:00,46870,46882,46860,46871
2021-08-16T17:49:00,46877,46880,46867,46877
2021-08-16T17:54:00,46887,46920,46865,46889
2021-08-16T17:59:00,46889,46929,46876,46914
2021-08-16T18:04:00,46925,46971,46910,46969
2021-08-16T18:09:00,46966,46998,46966,46979
2021-08-16T18:14:00,46975,47045,46975,47045
2021-08-16T18:24:00,47046,47058,46976,46976
2021-08-16T18:29:00,46975,46990,46967,46974
2021-08-16T18:34:00,46969,46993,46953,46988
2021-08-16T18:39:00,46995,46995,46972,46990
2021-08-16T18:44:00,46994,47043,46994,47034
2021-08-16T18:49:00,47037,47044,47008,47016
2021-08-16T18:54:00,47016,47037,47010,47028
2021-08-16T18:59:00,47035,47035,47000,47020
2021-08-16T19:04:00,47020,47029,47002,47024
2021-08-16T19:09:00,47028,47116,47028,47101
2021-08-16T19:14:00,47090,47112,47075,47077
2021-08-16T19:19:00,47084,47115,47084,47090
2021-08-16T19:24:00,47100,47138,47100,47125
2021-08-16T19:29:00,47129,47141,47120,47129
2021-08-16T19:34:00,47130,47130,47090,47105
2021-08-16T19:39:00,47106,47106,47051,47055
2021-08-16T19:44:00,47054,47068,47047,47056
2021-08-16T19:49:00,47056,47092,47056,47090
2021-08-16T19:54:00,47090,47105,47081,47103
2021-08-16T19:59:00,47105,47130,47103,47121
2021-08-16T20:04:00,47119,47139,47110,47134
2021-08-16T20:09:00,47134,47169,47130,47157
2021-08-16T20:14:00,47158,47190,47148,47148
2021-08-16T20:19:00,47152,47160,47144,47160
2021-08-16T20:24:00,47159,47171,47155,47171
2021-08-16T20:29:00,47170,47176,47165,47165
2021-08-16T20:34:00,47163,47171,47150,47150
2021-08-16T20:39:00,47148,47148,47126,47134
2021-08-16T20:44:00,47139,47140,47120,47140
2021-08-16T20:49:00,47140,47154,47135,47146
2021-08-16T20:54:00,47131,47144,47121,47141
2021-08-16T20:59:00,47145,47145,47121,47125
2021-08-16T21:04:00,47121,47121,47079,47095
2021-08-16T21:09:00,47090,47090,47070,47075
2021-08-16T21:14:00,47087,47100,47074,47100
2021-08-16T21:19:00,47100,47111,47100,47107
2021-08-16T21:24:00,47107,47119,47101,47110
2021-08-16T21:29:00,47105,47128,47105,47127
2021-08-16T21:33:00,47120,47122,47110,47120
2021-08-16T21:39:00,47121,47121,47115,47121
2021-08-16T21:44:00,47120,47120,47111,47113
2021-08-16T22:13:00,47113,47119,47108,47115
2021-08-16T22:19:00,47115,47124,47115,47124
2021-08-16T22:24:00,47125,47141,47125,47136
2021-08-16T22:29:00,47134,47134,47123,47126
2021-08-16T22:34:00,47129,47138,47129,47134
2021-08-16T22:39:00,47130,47130,47111,47111
2021-08-16T22:44:00,47110,47125,47110,47123
2021-08-16T22:49:00,47118,47128,47118,47124
2021-08-16T22:54:00,47129,47134,47117,47134
2021-08-16T22:59:00,47134,47165,47129,47165
2021-08-16T23:04:00,47155,47159,47143,47151
2021-08-16T23:09:00,47140,47154,47128,47142
2021-08-16T23:14:00,47140,47143,47128,47128
2021-08-16T23:19:00,47128,47155,47124,47155
2021-08-16T23:24:00,47160,47160,47133,47140
2021-08-16T23:29:00,47138,47140,47110,47110
2021-08-16T23:29:00,47136,47140,47110,47110
2021-08-16T23:29:00,47136,47140,47110,47110
2021-08-16T23:29:00,47136,47140,47110,47110
2021-08-16T23:29:00,47136,47140,47110,47110
2021-08-16T23:29:00,47136,47140,47110,47110
2021-08-16T23:29:00,47136,47140,47110,47110
2021-08-16T23:29:00,47136,47140,47110,47110
2021-08-17T11:24:00,47136,47289,47110,47270
2021-08-17T11:29:00,47278,47289,47266,47281
2021-08-17T11:34:00,47274,47300,47274,47291
2021-08-17T11:39:00,47290,47290,47269,47284
2021-08-17T11:44:00,47278,47294,47275,47290
2021-08-17T11:49:00,47295,47319,47291,47304
2021-08-17T11:54:00,47302,47338,47302,47330
2021-08-17T11:59:00,47333,47333,47300,47300
2021-08-17T12:04:00,47300,47311,47293,47307
2021-08-17T12:09:00,47298,47308,47293,47293
2021-08-17T12:14:00,47294,47299,47285,47285
2021-08-17T12:19:00,47285,47300,47280,47284
2021-08-17T12:23:00,47280,47290,47276,47285
2021-08-17T12:29:00,47285,47288,47265,47265
2021-08-17T12:34:00,47275,47320,47275,47320
2021-08-17T12:39:00,47322,47345,47317,47336
2021-08-17T12:44:00,47344,47380,47338,47365
2021-08-17T12:49:00,47372,47372,47351,47361
2021-08-17T12:54:00,47355,47381,47350,47350
2021-08-17T12:59:00,47350,47370,47347,47350
2021-08-17T13:04:00,47351,47363,47341,47341
2021-08-17T13:09:00,47363,47363,47325,47340
2021-08-17T13:14:00,47344,47363,47344,47354
2021-08-17T13:19:00,47350,47350,47333,47336
2021-08-17T13:24:00,47335,47363,47332,47332
2021-08-17T13:29:00,47335,47343,47325,47331
2021-08-17T13:34:00,47325,47325,47300,47301
2021-08-17T13:38:00,47301,47328,47300,47328
2021-08-17T13:44:00,47312,47322,47311,47319
2021-08-17T13:49:00,47323,47327,47308,47327
2021-08-17T13:54:00,47327,47333,47320,47320
2021-08-17T13:59:00,47322,47337,47322,47331
2021-08-17T14:04:00,47332,47342,47329,47335
2021-08-17T14:09:00,47329,47352,47329,47351
2021-08-17T14:14:00,47350,47350,47335,47337
2021-08-17T14:19:00,47336,47352,47334,47344
2021-08-17T14:24:00,47345,47360,47345,47360
2021-08-17T14:29:00,47360,47365,47355,47365
2021-08-17T14:34:00,47361,47374,47360,47373
2021-08-17T14:39:00,47361,47363,47356,47363
2021-08-17T14:44:00,47358,47358,47345,47347
2021-08-17T14:49:00,47346,47357,47341,47357
2021-08-17T14:59:00,47355,47355,47335,47340
2021-08-17T15:04:00,47340,47350,47331,47341
2021-08-17T15:09:00,47350,47358,47350,47358
2021-08-17T15:14:00,47358,47380,47358,47372
2021-08-17T15:19:00,47372,47380,47362,47380
2021-08-17T15:24:00,47378,47394,47367,47387
2021-08-17T15:29:00,47382,47390,47372,47375
2021-08-17T15:34:00,47375,47385,47375,47384
2021-08-17T15:44:00,47376,47398,47376,47398
2021-08-17T15:49:00,47416,47439,47416,47439
2021-08-17T15:54:00,47436,47455,47436,47440
2021-08-17T15:59:00,47438,47440,47431,47433
2021-08-17T16:04:00,47433,47435,47408,47408
2021-08-17T16:09:00,47411,47435,47409,47430
2021-08-17T18:04:00,47430,47430,47266,47276
2021-08-17T18:09:00,47274,47340,47274,47340
2021-08-17T18:14:00,47322,47341,47299,47299
2021-08-17T18:24:00,47310,47311,47270,47287
2021-08-17T18:39:00,47298,47321,47275,47321
2021-08-17T18:44:00,47316,47324,47305,47306
2021-08-17T18:49:00,47310,47310,47260,47279
2021-08-17T20:09:00,47270,47280,47220,47220
2021-08-17T20:14:00,47220,47232,47214,47216
2021-08-17T20:19:00,47222,47250,47222,47247
2021-08-17T20:24:00,47247,47247,47224,47227
2021-08-17T20:29:00,47227,47227,47190,47190
2021-08-17T20:34:00,47202,47202,47145,47165
2021-08-17T20:44:00,47195,47202,47163,47180
2021-08-17T20:49:00,47183,47183,47165,47170
2021-08-17T20:54:00,47172,47192,47155,47188
2021-08-17T20:59:00,47189,47189,47163,47168
2021-08-17T21:04:00,47175,47175,47140,47142
2021-08-17T21:09:00,47145,47157,47132,47157
2021-08-17T21:14:00,47151,47157,47141,47147
2021-08-17T21:19:00,47150,47160,47130,47135
2021-08-17T21:24:00,47131,47159,47131,47159
2021-08-17T21:29:00,47151,47185,47151,47182
2021-08-17T21:34:00,47177,47195,47166,47191
2021-08-17T22:29:00,47193,47193,47164,47169
2021-08-18T11:04:00,47164,47250,47164,47218
2021-08-18T11:09:00,47220,47226,47207,47222
2021-08-18T11:13:00,47215,47240,47214,47222
2021-08-18T11:19:00,47220,47250,47220,47250
2021-08-18T11:24:00,47250,47250,47243,47245
2021-08-18T11:29:00,47250,47274,47250,47271
2021-08-18T11:34:00,47269,47288,47265,47284
2021-08-18T11:39:00,47281,47290,47277,47290
2021-08-18T11:44:00,47287,47308,47287,47301
2021-08-18T11:49:00,47305,47316,47292,47305
2021-08-18T11:54:00,47318,47318,47300,47315
2021-08-18T12:19:00,47334,47335,47323,47335
2021-08-18T12:24:00,47334,47339,47318,47319
2021-08-18T12:29:00,47323,47323,47300,47300
2021-08-18T12:34:00,47305,47320,47305,47306
2021-08-18T12:39:00,47310,47312,47303,47306
2021-08-18T12:44:00,47310,47328,47309,47320
2021-08-18T13:34:00,47315,47328,47230,47240
2021-08-18T13:39:00,47243,47243,47222,47222
2021-08-18T13:44:00,47225,47225,47208,47210
2021-08-18T13:49:00,47210,47212,47184,47189
2021-08-18T13:54:00,47190,47209,47182,47205
2021-08-18T13:59:00,47205,47221,47204,47212
2021-08-18T14:04:00,47219,47219,47201,47204
2021-08-18T14:09:00,47210,47214,47195,47210
2021-08-18T15:09:00,47214,47225,47212,47225
2021-08-18T15:14:00,47214,47215,47208,47213
2021-08-18T15:19:00,47213,47224,47212,47215
2021-08-18T15:24:00,47214,47235,47214,47216
2021-08-18T15:29:00,47222,47225,47215,47222
2021-08-18T15:34:00,47224,47224,47210,47220
2021-08-18T15:39:00,47220,47224,47192,47205
2021-08-18T15:44:00,47200,47205,47189,47195
2021-08-18T15:49:00,47200,47206,47190,47191
2021-08-18T15:54:00,47194,47196,47174,47175
2021-08-18T15:59:00,47175,47197,47175,47193
2021-08-18T16:04:00,47193,47193,47154,47165
2021-08-18T16:09:00,47167,47181,47159,47174
2021-08-18T16:14:00,47181,47181,47155,47167
2021-08-18T16:19:00,47169,47173,47158,47163
2021-08-18T16:24:00,47163,47170,47160,47169
2021-08-18T16:29:00,47161,47164,47123,47125
2021-08-18T16:34:00,47133,47143,47111,47143
2021-08-18T16:39:00,47141,47141,47120,47133
2021-08-18T17:29:00,47130,47185,47130,47184
2021-08-18T17:34:00,47188,47195,47170,47170
2021-08-18T17:39:00,47168,47178,47159,47177
2021-08-18T17:44:00,47178,47192,47178,47192
2021-08-18T17:49:00,47192,47227,47192,47220
2021-08-18T17:54:00,47220,47259,47220,47239
2021-08-18T17:59:00,47234,47242,47225,47230
2021-08-18T18:04:00,47228,47254,47220,47245
2021-08-18T18:09:00,47249,47249,47205,47227
2021-08-18T18:14:00,47230,47230,47190,47195
2021-08-18T18:19:00,47193,47200,47185,47188
2021-08-18T18:24:00,47195,47198,47183,47184
2021-08-18T18:29:00,47181,47195,47180,47194
2021-08-18T18:34:00,47192,47237,47190,47235
2021-08-18T18:39:00,47235,47255,47225,47225
2021-08-18T18:44:00,47230,47230,47201,47228
2021-08-18T18:49:00,47230,47230,47200,47210
2021-08-18T18:54:00,47201,47201,47181,47190
2021-08-18T18:59:00,47191,47210,47181,47190
2021-08-18T19:04:00,47195,47195,47118,47162
2021-08-18T19:09:00,47162,47168,47132,47167
2021-08-18T19:14:00,47166,47180,47150,47154
2021-08-18T19:19:00,47154,47177,47152,47160
2021-08-18T19:24:00,47161,47170,47155,47160
2021-08-18T19:29:00,47160,47160,47134,47147
2021-08-18T19:34:00,47147,47147,47094,47120
2021-08-18T19:39:00,47121,47149,47120,47123
2021-08-18T19:44:00,47130,47145,47113,47137
2021-08-18T19:49:00,47130,47130,47110,47111
2021-08-18T19:54:00,47110,47113,47087,47090
2021-08-18T19:59:00,47097,47099,47020,47065
2021-08-18T20:04:00,47065,47069,47031,47031
2021-08-18T20:09:00,47031,47040,47001,47026
2021-08-18T20:14:00,47026,47059,47026,47050
2021-08-18T20:19:00,47035,47061,47030,47052
2021-08-18T20:24:00,47052,47072,47025,47061
2021-08-18T20:29:00,47072,47090,47061,47077
2021-08-18T20:34:00,47072,47079,47053,47066
2021-08-18T20:39:00,47066,47066,47025,47040
2021-08-18T20:44:00,47042,47045,47025,47039
2021-08-18T20:49:00,47036,47036,46969,46987
2021-08-18T20:54:00,46987,47019,46985,47012
2021-08-18T20:59:00,47016,47042,47005,47042
2021-08-18T21:04:00,47034,47048,47027,47040
2021-08-18T21:09:00,47041,47055,47036,47049
2021-08-18T21:14:00,47048,47057,47048,47056
2021-08-18T21:19:00,47055,47120,47055,47119
2021-08-18T21:24:00,47120,47120,47095,47105
2021-08-18T21:29:00,47109,47115,47101,47115
2021-08-18T21:34:00,47121,47175,47121,47140
2021-08-18T21:39:00,47140,47142,47111,47111
2021-08-18T21:44:00,47125,47125,47089,47096
2021-08-18T21:49:00,47093,47095,47080,47095
2021-08-18T21:54:00,47100,47107,47095,47095
2021-08-18T21:59:00,47090,47102,47080,47102
2021-08-18T22:04:00,47105,47124,47100,47122
2021-08-18T22:09:00,47129,47129,47111,47127
2021-08-18T22:13:00,47127,47127,47111,47118
2021-08-18T22:19:00,47111,47111,47101,47108
2021-08-18T22:24:00,47108,47108,47072,47074
2021-08-18T22:29:00,47078,47089,47078,47089
2021-08-18T22:34:00,47083,47099,47083,47096
2021-08-18T22:39:00,47095,47099,47090,47099
2021-08-18T22:44:00,47097,47097,47085,47085
2021-08-18T22:49:00,47085,47090,47084,47085
2021-08-18T22:54:00,47081,47098,47081,47097
2021-08-19T17:14:00,47090,47270,47090,47257
2021-08-19T17:19:00,47263,47264,47248,47260
2021-08-19T17:24:00,47259,47260,47242,47255
2021-08-19T17:29:00,47253,47260,47231,47231
2021-08-19T17:34:00,47231,47250,47218,47221
2021-08-19T17:39:00,47224,47250,47210,47219
2021-08-19T17:44:00,47221,47221,47178,47189
2021-08-19T17:49:00,47196,47196,47161,47162
2021-08-19T17:54:00,47168,47233,47168,47225
2021-08-19T17:59:00,47233,47264,47226,47251
2021-08-19T18:04:00,47260,47272,47250,47272
2021-08-19T18:09:00,47270,47296,47270,47285
2021-08-19T18:14:00,47280,47280,47239,47249
2021-08-19T18:19:00,47246,47280,47246,47271
2021-08-19T18:24:00,47271,47273,47254,47265
2021-08-19T18:29:00,47265,47295,47255,47290
2021-08-19T18:34:00,47283,47321,47269,47316
2021-08-19T18:39:00,47315,47380,47315,47366
2021-08-19T18:44:00,47372,47422,47362,47371
2021-08-19T18:49:00,47371,47375,47331,47333
2021-08-19T18:54:00,47333,47333,47291,47325
2021-08-19T20:44:00,47325,47325,47113,47129
2021-08-19T20:49:00,47115,47128,47110,47120
2021-08-19T20:54:00,47122,47122,47105,47113
2021-08-19T20:59:00,47120,47136,47115,47120
2021-08-19T21:04:00,47130,47148,47130,47130
2021-08-19T21:09:00,47130,47135,47121,47133
2021-08-19T22:14:00,47125,47133,47091,47103
2021-08-19T22:19:00,47103,47123,47096,47123
2021-08-19T22:24:00,47124,47125,47116,47121
2021-08-19T22:29:00,47121,47126,47112,47120
2021-08-19T22:34:00,47119,47119,47108,47118
2021-08-19T22:39:00,47120,47125,47115,47115
2021-08-19T22:44:00,47115,47133,47113,47133
2021-08-19T22:49:00,47133,47135,47122,47126
2021-08-19T22:54:00,47124,47124,47105,47110
2021-08-19T22:59:00,47113,47115,47102,47105
2021-08-19T23:04:00,47100,47107,47091,47093
2021-08-19T23:09:00,47099,47110,47093,47108
2021-08-19T23:14:00,47109,47113,47101,47113
2021-08-19T23:19:00,47115,47133,47115,47120
2021-08-19T23:24:00,47114,47134,47114,47132
2021-08-19T23:29:00,47132,47150,47132,47135
2021-08-19T23:29:00,47150,47150,47135,47135
2021-08-19T23:29:00,47150,47150,47135,47135
2021-08-19T23:29:00,47150,47150,47135,47135
2021-08-19T23:29:00,47150,47150,47135,47135
2021-08-19T23:29:00,47150,47150,47135,47135
2021-08-19T23:29:00,47150,47150,47135,47135
2021-08-19T23:29:00,47150,47150,47135,47135
2021-08-19T23:29:00,47150,47150,47135,47135
2021-08-19T23:29:00,47150,47150,47135,47135
2021-08-19T23:29:00,47150,47150,47135,47135
2021-08-19T23:29:00,47150,47150,47135,47135
2021-08-19T23:29:00,47150,47150,47135,47135
2021-08-19T23:29:00,47150,47150,47135,47135
2021-08-19T23:29:00,47150,47150,47135,47135
2021-08-19T23:29:00,47150,47150,47135,47135
2021-08-19T23:29:00,47150,47150,47135,47135
2021-08-19T23:29:00,47150,47150,47135,47135
2021-08-19T23:29:00,47150,47150,47135,47135
2021-08-19T23:29:00,47150,47150,47135,47135
2021-08-19T23:29:00,47150,47150,47135,47135
2021-08-19T23:29:00,47150,47150,47135,47135
2021-08-19T23:29:00,47150,47150,47135,47135
2021-08-19T23:29:00,47150,47150,47135,47135
2021-08-19T23:29:00,47150,47150,47135,47135
2021-08-19T23:29:00,47150,47150,47135,47135
2021-08-19T23:29:00,47150,47150,47135,47135
2021-08-19T23:29:00,47150,47150,47135,47135
2021-08-19T23:29:00,47150,47150,47135,47135
2021-08-19T23:29:00,47150,47150,47135,47135
2021-08-19T23:29:00,47150,47150,47135,47135
2021-08-19T23:29:00,47150,47150,47135,47135
2021-08-19T23:29:00,47150,47150,47135,47135
2021-08-19T23:29:00,47150,47150,47135,47135
2021-08-20T10:49:00,47150,47233,47135,47233
2021-08-20T10:54:00,47235,47235,47212,47215
2021-08-20T10:59:00,47217,47237,47216,47225
2021-08-20T11:04:00,47226,47237,47208,47208
2021-08-20T11:09:00,47208,47240,47208,47232
2021-08-20T11:14:00,47237,47252,47237,47250
2021-08-20T11:19:00,47260,47261,47253,47255
2021-08-20T11:24:00,47255,47259,47240,47242
2021-08-20T11:29:00,47249,47250,47230,47239
2021-08-20T11:34:00,47237,47250,47232,47250
2021-08-20T11:39:00,47250,47256,47245,47251
2021-08-20T11:44:00,47251,47256,47245,47249
2021-08-20T11:49:00,47255,47260,47252,47252
2021-08-20T11:54:00,47251,47266,47251,47252
2021-08-20T11:59:00,47263,47263,47253,47257
2021-08-20T12:04:00,47250,47260,47241,47260
2021-08-20T12:09:00,47261,47278,47260,47264
2021-08-20T12:14:00,47265,47265,47250,47255
2021-08-20T12:18:00,47255,47265,47255,47264
2021-08-20T12:24:00,47264,47274,47261,47264
2021-08-20T12:29:00,47269,47274,47251,47251
2021-08-20T12:34:00,47264,47264,47251,47256
2021-08-20T12:39:00,47255,47255,47242,47243
2021-08-20T12:44:00,47250,47254,47244,47249
2021-08-20T12:48:00,47248,47255,47246,47248
2021-08-20T12:53:00,47246,47253,47245,47253
2021-08-20T12:59:00,47253,47286,47251,47270
2021-08-20T13:04:00,47270,47270,47235,47260
2021-08-20T13:34:00,47260,47272,47214,47219
2021-08-20T13:39:00,47215,47235,47215,47226
2021-08-20T13:44:00,47220,47220,47210,47218
2021-08-20T13:49:00,47230,47238,47213,47218
2021-08-20T13:54:00,47210,47213,47193,47193
2021-08-20T13:59:00,47194,47199,47183,47188
2021-08-20T14:04:00,47185,47185,47170,47171
2021-08-20T14:09:00,47172,47185,47171,47180
2021-08-20T14:14:00,47180,47180,47147,47156
2021-08-20T14:19:00,47153,47155,47123,47127
2021-08-20T14:24:00,47127,47150,47111,47145
2021-08-20T14:29:00,47146,47160,47140,47160
2021-08-20T14:34:00,47157,47160,47148,47155
2021-08-20T14:39:00,47160,47160,47140,47140
2021-08-20T14:44:00,47140,47149,47131,47149
2021-08-20T14:49:00,47147,47147,47130,47131
2021-08-20T14:54:00,47124,47133,47121,47133
2021-08-20T14:59:00,47134,47144,47119,47119
2021-08-20T15:04:00,47116,47135,47116,47126
2021-08-20T15:09:00,47128,47128,47114,47120
2021-08-20T15:14:00,47120,47122,47120,47120
2021-08-20T15:19:00,47120,47125,47113,47120
2021-08-20T15:24:00,47121,47121,47105,47108
2021-08-20T15:29:00,47108,47108,47093,47104
2021-08-20T15:49:00,47100,47119,47097,47097
2021-08-20T15:54:00,47097,47110,47097,47107
2021-08-20T15:59:00,47112,47145,47110,47141
2021-08-20T16:04:00,47141,47141,47130,47138
2021-08-20T16:09:00,47138,47155,47138,47150
2021-08-20T16:14:00,47150,47163,47141,47160
2021-08-20T16:19:00,47155,47156,47142,47147
2021-08-20T16:24:00,47147,47152,47142,47152
2021-08-20T16:29:00,47152,47180,47152,47178
2021-08-20T16:34:00,47175,47190,47156,47181
2021-08-20T16:39:00,47181,47188,47173,47174
2021-08-20T16:44:00,47175,47180,47164,47180
2021-08-20T16:49:00,47183,47183,47150,47150
2021-08-20T16:54:00,47153,47158,47143,47151
2021-08-20T16:59:00,47155,47165,47150,47158
2021-08-20T17:04:00,47152,47160,47133,47133
2021-08-20T17:09:00,47135,47139,47120,47133
2021-08-20T17:14:00,47135,47145,47135,47140
2021-08-20T17:19:00,47145,47159,47143,47143
2021-08-20T17:24:00,47140,47165,47140,47160
2021-08-20T17:29:00,47160,47167,47151,47167
2021-08-20T17:34:00,47160,47185,47160,47174
2021-08-20T17:39:00,47169,47173,47160,47165
2021-08-20T17:44:00,47168,47194,47168,47187
2021-08-20T17:49:00,47193,47193,47151,47155
2021-08-20T17:54:00,47165,47173,47124,47155
2021-08-20T17:59:00,47158,47180,47148,47149
2021-08-20T18:04:00,47156,47187,47153,47165
2021-08-23T12:54:00,47135,47135,47100,47105
2021-08-23T12:59:00,47102,47112,47101,47112
2021-08-23T13:04:00,47119,47143,47105,47143
2021-08-23T13:08:00,47140,47145,47130,47145
2021-08-23T13:14:00,47145,47160,47145,47157
2021-08-23T13:19:00,47157,47157,47133,47138
2021-08-23T13:44:00,47145,47146,47121,47121
2021-08-23T13:48:00,47120,47120,47115,47120
2021-08-23T13:54:00,47120,47129,47116,47118
2021-08-23T13:59:00,47118,47131,47118,47130
2021-08-23T14:04:00,47130,47142,47112,47140
2021-08-23T14:09:00,47140,47150,47140,47146
2021-08-23T14:14:00,47146,47157,47146,47147
2021-08-23T14:19:00,47142,47167,47142,47162
2021-08-23T14:24:00,47160,47169,47160,47165
2021-08-23T14:29:00,47169,47193,47165,47185
2021-08-23T14:34:00,47183,47185,47175,47185
2021-08-23T14:39:00,47188,47188,47164,47167
2021-08-23T14:43:00,47166,47186,47166,47180
2021-08-23T14:49:00,47170,47179,47170,47176
2021-08-23T14:54:00,47173,47184,47168,47184
2021-08-23T14:59:00,47180,47180,47160,47164
2021-08-23T15:04:00,47165,47166,47160,47164
2021-08-23T15:09:00,47164,47172,47160,47165
2021-08-23T15:14:00,47167,47174,47165,47170
2021-08-23T15:19:00,47170,47170,47150,47156
2021-08-23T15:24:00,47156,47161,47150,47155
2021-08-23T15:29:00,47155,47169,47155,47165
2021-08-23T15:34:00,47165,47166,47156,47160
2021-08-23T15:39:00,47160,47160,47153,47155
2021-08-23T15:44:00,47150,47155,47140,47155
2021-08-23T15:49:00,47152,47156,47152,47156
2021-08-23T15:54:00,47155,47170,47155,47170
2021-08-23T15:59:00,47170,47180,47166,47175
2021-08-23T16:03:00,47176,47176,47165,47169
2021-08-23T16:09:00,47170,47173,47165,47165
2021-08-23T16:14:00,47160,47180,47158,47175
2021-08-23T16:19:00,47168,47178,47168,47173
2021-08-23T16:24:00,47178,47180,47174,47175
2021-08-23T16:29:00,47180,47192,47179,47190
2021-08-23T16:59:00,47195,47221,47180,47208
2021-08-23T17:04:00,47209,47250,47209,47245
2021-08-23T17:09:00,47245,47245,47208,47235
2021-08-23T17:14:00,47227,47240,47227,47240
2021-08-23T17:19:00,47242,47245,47226,47226
2021-08-23T17:24:00,47218,47222,47201,47222
2021-08-23T17:29:00,47222,47222,47189,47192
2021-08-23T17:34:00,47193,47193,47180,47183
2021-08-23T17:39:00,47180,47222,47180,47222
2021-08-23T17:44:00,47225,47225,47214,47222
2021-08-23T17:49:00,47222,47228,47215,47225
2021-08-23T17:54:00,47220,47235,47210,47235
2021-08-23T17:59:00,47240,47264,47240,47260
2021-08-23T18:04:00,47263,47358,47263,47332
2021-08-23T18:09:00,47341,47383,47327,47344
2021-08-23T18:14:00,47348,47368,47330,47331
2021-08-23T18:19:00,47335,47365,47325,47364
2021-08-23T18:24:00,47365,47382,47355,47356
2021-08-23T18:29:00,47358,47384,47358,47384
2021-08-23T18:34:00,47384,47475,47384,47466
2021-08-23T18:39:00,47462,47499,47446,47496
2021-08-23T18:44:00,47495,47495,47460,47478
2021-08-23T18:49:00,47481,47495,47462,47480
2021-08-23T18:54:00,47471,47480,47452,47478
2021-08-23T18:59:00,47478,47529,47478,47501
2021-08-23T19:04:00,47493,47509,47455,47499
2021-08-23T19:09:00,47499,47499,47444,47455
2021-08-23T19:14:00,47478,47478,47424,47427
2021-08-23T19:19:00,47445,47500,47436,47483
2021-08-23T19:24:00,47485,47499,47446,47471
2021-08-23T19:29:00,47470,47495,47466,47466
2021-08-23T19:34:00,47466,47477,47434,47447
2021-08-23T19:39:00,47447,47450,47411,47420
2021-08-23T19:44:00,47420,47420,47370,47378
2021-08-23T19:49:00,47370,47389,47308,47317
2021-08-23T19:54:00,47318,47363,47318,47359
2021-08-23T19:59:00,47345,47364,47326,47361
2021-08-23T20:04:00,47356,47419,47356,47417
2021-08-23T20:09:00,47420,47433,47405,47424
2021-08-23T20:14:00,47421,47468,47421,47468
2021-08-23T20:19:00,47475,47500,47471,47480
2021-08-23T20:24:00,47483,47490,47470,47489
2021-08-23T20:34:00,47470,47470,47428,47435
2021-08-23T20:39:00,47434,47460,47428,47460
2021-08-23T20:44:00,47459,47469,47434,47440
2021-08-23T20:49:00,47438,47444,47422,47430
2021-08-23T20:54:00,47435,47480,47433,47475
2021-08-23T20:59:00,47476,47485,47475,47481
2021-08-23T21:04:00,47480,47480,47473,47480
2021-08-23T21:09:00,47480,47486,47473,47473
2021-08-23T21:14:00,47480,47481,47476,47478
2021-08-23T21:19:00,47478,47483,47478,47480
2021-08-23T21:24:00,47480,47487,47475,47475
2021-08-23T21:29:00,47478,47495,47473,47495
2021-08-23T21:34:00,47493,47526,47493,47526
2021-08-23T21:39:00,47526,47530,47488,47511
2021-08-23T21:44:00,47506,47508,47498,47508
2021-08-23T21:49:00,47505,47517,47504,47504
2021-08-23T21:54:00,47504,47504,47479,47485
2021-08-23T21:59:00,47481,47498,47481,47485
2021-08-23T22:04:00,47490,47492,47478,47492
2021-08-23T22:09:00,47490,47495,47481,47485
2021-08-23T22:14:00,47485,47504,47485,47498
2021-08-23T22:19:00,47500,47500,47490,47492
2021-08-23T22:24:00,47483,47484,47469,47469
2021-08-23T22:29:00,47470,47476,47458,47466
2021-08-23T22:34:00,47474,47476,47466,47476
2021-08-23T22:39:00,47476,47476,47465,47472
2021-08-23T22:44:00,47472,47472,47465,47466
2021-08-23T22:48:00,47464,47475,47464,47470
2021-08-23T22:59:00,47482,47490,47482,47490
2021-08-23T23:04:00,47481,47497,47481,47486
2021-08-23T23:09:00,47486,47513,47486,47513
2021-08-23T23:14:00,47515,47515,47498,47505
2021-08-23T23:19:00,47512,47528,47512,47520
2021-08-23T23:24:00,47522,47525,47513,47515
2021-08-23T23:29:00,47516,47525,47470,47470
2021-08-23T23:29:00,47520,47520,47470,47470
2021-08-23T23:29:00,47520,47520,47470,47470
2021-08-23T23:29:00,47520,47520,47470,47470
2021-08-23T23:29:00,47520,47520,47470,47470
2021-08-23T23:29:00,47520,47520,47470,47470
2021-08-23T23:29:00,47520,47520,47470,47470
2021-08-23T23:29:00,47520,47520,47470,47470
2021-08-23T23:29:00,47520,47520,47470,47470
2021-08-23T23:29:00,47520,47520,47470,47470
2021-08-23T23:29:00,47520,47520,47470,47470
2021-08-23T23:29:00,47520,47520,47470,47470
2021-08-23T23:29:00,47520,47520,47470,47470
2021-08-23T23:29:00,47520,47520,47470,47470
2021-08-23T23:29:00,47520,47520,47470,47470
2021-08-23T23:29:00,47520,47520,47470,47470
2021-08-23T23:29:00,47520,47520,47470,47470
2021-08-23T23:29:00,47520,47520,47470,47470
2021-08-23T23:29:00,47520,47520,47470,47470
2021-08-23T23:29:00,47520,47520,47470,47470
2021-08-23T23:29:00,47520,47520,47470,47470
2021-08-23T23:29:00,47520,47520,47470,47470
2021-08-23T23:29:00,47520,47520,47470,47470
2021-08-23T23:29:00,47520,47520,47470,47470
2021-08-23T23:29:00,47520,47520,47470,47470
2021-08-23T23:29:00,47520,47520,47470,47470
2021-08-23T23:29:00,47520,47520,47470,47470
2021-08-23T23:29:00,47520,47520,47470,47470
2021-08-23T23:29:00,47520,47520,47470,47470
2021-08-23T23:29:00,47520,47520,47470,47470
2021-08-23T23:29:00,47520,47520,47470,47470
2021-08-23T23:29:00,47520,47520,47470,47470
2021-08-23T23:29:00,47520,47520,47470,47470
2021-08-23T23:29:00,47520,47520,47470,47470
2021-08-23T23:29:00,47520,47520,47470,47470
2021-08-23T23:29:00,47520,47520,47470,47470
2021-08-23T23:29:00,47520,47520,47470,47470
2021-08-23T23:29:00,47520,47520,47470,47470
2021-08-23T23:29:00,47520,47520,47470,47470
2021-08-23T23:29:00,47520,47520,47470,47470
2021-08-23T23:29:00,47520,47520,47470,47470
2021-08-23T23:29:00,47520,47520,47470,47470
2021-08-23T23:29:00,47520,47520,47470,47470
2021-08-23T23:29:00,47520,47520,47470,47470
2021-08-23T23:29:00,47520,47520,47470,47470
2021-08-23T23:29:00,47520,47520,47470,47470
2021-08-23T23:29:00,47520,47520,47470,47470
2021-08-23T23:29:00,47520,47520,47470,47470
2021-08-23T23:29:00,47520,47520,47470,47470
2021-08-24T16:19:00,47520,47544,47470,47540
2021-08-24T16:24:00,47537,47547,47532,47542
2021-08-24T16:29:00,47541,47541,47525,47525
2021-08-24T16:34:00,47532,47535,47521,47531
2021-08-24T16:39:00,47533,47552,47533,47548
2021-08-24T16:43:00,47549,47549,47540,47540
2021-08-24T16:49:00,47540,47545,47536,47545
2021-08-24T16:54:00,47545,47545,47535,47540
2021-08-24T16:59:00,47537,47546,47535,47538
2021-08-24T17:04:00,47536,47550,47536,47550
2021-08-24T17:09:00,47541,47547,47538,47547
2021-08-24T17:14:00,47547,47547,47532,47533
2021-08-24T17:19:00,47531,47533,47516,47522
2021-08-24T17:24:00,47520,47520,47491,47502
2021-08-24T17:29:00,47510,47522,47508,47508
2021-08-24T17:34:00,47515,47515,47493,47501
2021-08-24T17:39:00,47501,47515,47489,47515
2021-08-24T17:44:00,47515,47568,47508,47567
2021-08-24T17:49:00,47567,47593,47565,47565
2021-08-24T17:54:00,47567,47567,47466,47476
2021-08-24T17:59:00,47477,47511,47477,47511
2021-08-24T18:04:00,47505,47550,47505,47550
2021-08-24T18:09:00,47546,47549,47530,47549
2021-08-24T18:14:00,47556,47615,47556,47606
2021-08-24T18:19:00,47608,47608,47555,47590
2021-08-24T18:24:00,47589,47600,47570,47579
2021-08-24T18:29:00,47578,47588,47566,47585
2021-08-24T18:34:00,47590,47618,47562,47618
2021-08-24T18:39:00,47618,47618,47587,47588
2021-08-24T18:44:00,47594,47608,47585,47603
2021-08-24T18:49:00,47605,47609,47594,47602
2021-08-24T18:54:00,47600,47600,47580,47587
2021-08-24T18:59:00,47590,47609,47586,47599
2021-08-24T19:04:00,47582,47582,47485,47491
2021-08-24T19:09:00,47495,47543,47495,47543
2021-08-24T19:14:00,47540,47540,47511,47520
2021-08-24T19:19:00,47526,47560,47526,47560
2021-08-24T19:24:00,47559,47590,47552,47574
2021-08-24T19:29:00,47588,47590,47562,47562
2021-08-24T19:34:00,47578,47634,47564,47606
2021-08-24T19:39:00,47619,47619,47575,47608
2021-08-24T19:44:00,47609,47609,47570,47589
2021-08-24T19:49:00,47585,47599,47575,47589
2021-08-24T19:54:00,47589,47595,47540,47542
2021-08-24T19:59:00,47543,47577,47543,47554
2021-08-24T20:04:00,47556,47575,47548,47556
2021-08-24T20:09:00,47554,47554,47500,47545
2021-08-24T20:14:00,47538,47570,47522,47549
2021-08-24T20:19:00,47550,47560,47512,47527
2021-08-24T20:24:00,47513,47541,47504,47517
2021-08-24T20:29:00,47524,47524,47505,47514
2021-08-24T20:34:00,47510,47513,47484,47504
2021-08-24T20:39:00,47501,47530,47501,47516
2021-08-24T20:44:00,47521,47540,47521,47530
2021-08-24T20:49:00,47535,47545,47525,47542
2021-08-24T20:54:00,47542,47559,47542,47553
2021-08-24T20:59:00,47555,47566,47542,47544
2021-08-24T21:04:00,47545,47553,47542,47547
2021-08-24T21:09:00,47547,47547,47527,47538
2021-08-24T21:14:00,47534,47564,47534,47564
2021-08-24T21:19:00,47555,47555,47540,47544
2021-08-24T21:24:00,47550,47550,47538,47538
2021-08-24T21:28:00,47538,47555,47536,47554
2021-08-24T21:34:00,47549,47549,47545,47549
2021-08-24T21:39:00,47545,47556,47543,47548
2021-08-24T21:44:00,47550,47560,47550,47550
2021-08-24T21:49:00,47547,47555,47546,47547
2021-08-24T21:54:00,47547,47548,47539,47539
2021-08-24T21:59:00,47547,47547,47527,47527
2021-08-24T22:04:00,47527,47530,47522,47525
2021-08-24T22:09:00,47524,47531,47521,47525
2021-08-24T22:14:00,47525,47530,47520,47530
2021-08-24T22:19:00,47530,47538,47522,47522
2021-08-24T22:24:00,47530,47540,47522,47528
2021-08-24T22:29:00,47530,47531,47521,47523
2021-08-24T22:34:00,47531,47549,47529,47536
2021-08-24T22:39:00,47535,47555,47535,47547
2021-08-24T22:44:00,47547,47547,47536,47541
2021-08-24T22:49:00,47535,47545,47535,47540
2021-08-24T22:54:00,47542,47552,47535,47535
2021-08-24T22:59:00,47540,47550,47536,47540
2021-08-24T23:04:00,47548,47549,47535,47535
2021-08-24T23:09:00,47535,47542,47526,47530
2021-08-24T23:14:00,47526,47540,47526,47535
2021-08-24T23:19:00,47527,47539,47521,47530
