Index,Open,High,Low,Close,Vol,OI
2021-08-10T13:39:00,302,302,301.6,301.8
2021-08-10T13:44:00,301.7,302,301.6,301.8
2021-08-10T13:49:00,301.9,302,301.8,301.8
2021-08-10T13:54:00,301.8,302.1,301.8,302
2021-08-10T13:59:00,302.1,302.1,301.9,301.9
2021-08-10T14:04:00,301.9,302,301.4,301.4
2021-08-10T14:09:00,301.4,301.8,301.4,301.7
2021-08-10T14:14:00,301.7,301.7,301.4,301.6
2021-08-10T14:19:00,301.5,301.5,301.1,301.2
2021-08-10T14:24:00,301.3,301.3,300.6,300.8
2021-08-10T14:29:00,300.7,300.9,299.9,300.3
2021-08-10T14:34:00,300.4,300.4,300.2,300.4
2021-08-10T14:39:00,300.3,300.4,300.2,300.4
2021-08-10T14:44:00,300.3,300.4,300,300.2
2021-08-10T14:49:00,300.1,300.5,300.1,300.3
2021-08-10T14:54:00,300.3,301,300.3,300.8
2021-08-10T14:59:00,300.8,300.9,300.5,300.5
2021-08-10T15:04:00,300.5,300.9,300.5,300.9
2021-08-10T15:09:00,301,301,300.7,301
2021-08-10T15:14:00,300.9,301.1,300.9,301.1
2021-08-10T15:19:00,301.1,301.7,301.1,301.4
2021-08-10T15:24:00,301.5,301.7,301.4,301.4
2021-08-10T15:29:00,301.5,301.7,301.4,301.6
2021-08-10T15:34:00,301.6,301.8,301.1,301.1
2021-08-10T15:39:00,301.1,301.1,300.8,301
2021-08-10T15:44:00,300.9,301,300.7,300.9
2021-08-10T17:49:00,300.7,303.3,300.7,303.2
2021-08-10T17:54:00,303.2,303.4,302.4,302.6
2021-08-10T17:59:00,302.7,303,302.3,302.9
2021-08-10T18:04:00,302.8,303,302.2,302.7
2021-08-10T18:09:00,302.7,302.7,302.1,302.4
2021-08-10T18:14:00,302.5,302.9,302.3,302.6
2021-08-10T18:19:00,302.6,302.6,300.8,301.4
2021-08-10T18:24:00,301.4,301.4,299.2,300.4
2021-08-10T18:29:00,300.4,301.3,300.4,301
2021-08-10T18:34:00,301.2,302,301.1,301.6
2021-08-10T18:39:00,301.7,302.7,301.5,302.2
2021-08-10T18:44:00,302.3,302.9,302.3,302.6
2021-08-10T18:49:00,302.5,302.8,301.8,302.5
2021-08-10T18:54:00,302.5,304.6,302.5,304.5
2021-08-10T18:59:00,304.5,305.5,304.3,305
2021-08-10T19:04:00,305,305.8,305,305.5
2021-08-10T19:09:00,305.4,305.8,304.7,304.8
2021-08-10T19:14:00,304.7,306,304.7,305.4
2021-08-10T19:19:00,305.4,305.6,305.1,305.6
2021-08-10T19:24:00,305.7,307.2,305.7,307
2021-08-10T19:29:00,307,307.6,306.5,307.3
2021-08-10T19:34:00,307.3,307.5,307,307.2
2021-08-10T19:39:00,307.2,307.2,306.3,306.3
2021-08-10T19:44:00,306.4,306.7,306,306.1
2021-08-10T19:49:00,306.2,306.7,306.2,306.5
2021-08-10T19:54:00,306.3,307,306.3,306.9
2021-08-10T19:59:00,306.9,307.5,306.9,307.1
2021-08-10T20:04:00,307,307,306.6,306.6
2021-08-10T20:09:00,306.6,306.8,305.7,305.8
2021-08-10T20:14:00,305.9,306.3,305.6,306.3
2021-08-10T20:19:00,306.2,307,306.2,306.6
2021-08-10T20:24:00,306.6,306.8,306.4,306.4
2021-08-10T20:29:00,306.4,306.7,305.9,305.9
2021-08-10T20:34:00,306,306.5,305.7,305.7
2021-08-10T20:39:00,305.7,306.4,305.6,305.6
2021-08-10T20:49:00,305.7,305.7,304.9,304.9
2021-08-10T20:54:00,305,305.4,304.7,304.9
2021-08-10T20:59:00,304.9,305.2,304.6,304.8
2021-08-10T21:04:00,304.8,305.4,304.8,305.2
2021-08-10T21:09:00,305.1,305.1,304.6,304.6
2021-08-10T21:14:00,304.6,304.6,304,304.2
2021-08-10T21:19:00,304.2,304.3,303.3,304
2021-08-10T21:24:00,304,304.2,303.8,303.9
2021-08-10T21:29:00,303.9,304,303.7,303.9
2021-08-10T21:34:00,303.7,303.9,303.7,303.9
2021-08-10T21:39:00,303.9,304.8,303.9,304.6
2021-08-10T21:44:00,304.5,304.6,304.3,304.5
2021-08-10T21:49:00,304.5,304.9,304.2,304.8
2021-08-10T21:54:00,304.8,305,304.7,304.9
2021-08-10T21:59:00,304.9,304.9,303.9,304.4
2021-08-10T22:04:00,304.5,305,304.3,304.7
2021-08-10T22:09:00,304.5,304.9,304.4,304.7
2021-08-10T22:14:00,304.7,305.3,304.7,305.1
2021-08-10T22:19:00,305.2,305.3,304.7,304.7
2021-08-10T22:24:00,304.7,305,304.6,304.6
2021-08-10T22:29:00,304.7,304.8,303.4,303.9
2021-08-10T22:34:00,303.8,304.2,303.8,304
2021-08-10T22:39:00,303.9,304.3,303.9,303.9
2021-08-10T22:44:00,304,304.2,303.4,303.6
2021-08-10T22:49:00,303.4,304.5,303.4,304.1
2021-08-10T22:54:00,304.2,304.2,303.6,303.7
2021-08-10T22:59:00,303.6,303.9,303.4,303.5
2021-08-10T23:04:00,303.5,304,303.5,303.9
2021-08-10T23:09:00,303.9,304.2,303.6,303.7
2021-08-10T23:14:00,303.6,304,303.6,303.8
2021-08-10T23:19:00,303.8,304.2,303.8,303.9
2021-08-10T23:24:00,303.9,304.3,303.9,304.1
2021-08-10T23:29:00,304.1,304.2,303.9,304.1
2021-08-10T23:29:00,304,304.2,304,304.1
2021-08-10T23:29:00,304,304.2,304,304.1
2021-08-10T23:29:00,304,304.2,304,304.1
2021-08-10T23:29:00,304,304.2,304,304.1
2021-08-10T23:29:00,304,304.2,304,304.1
2021-08-11T13:14:00,304,306.6,304,306.2
2021-08-11T13:44:00,306.2,306.4,306.1,306.1
2021-08-11T14:19:00,306.2,306.4,306.1,306.4
2021-08-11T14:24:00,306.3,306.4,306.1,306.1
2021-08-11T14:29:00,306.1,306.3,305.9,306.3
2021-08-11T14:34:00,306.2,306.3,306,306.2
2021-08-11T14:39:00,306.2,306.2,305.9,306
2021-08-11T14:44:00,306,306,305.8,306
2021-08-11T15:49:00,304.9,305.2,304.6,305
2021-08-11T15:54:00,305,305.4,305,305.1
2021-08-11T15:59:00,305.1,305.1,304.3,304.4
2021-08-11T16:04:00,304.6,304.6,304.3,304.6
2021-08-11T16:09:00,304.5,304.5,304.2,304.5
2021-08-11T16:14:00,304.4,304.6,304.3,304.5
2021-08-11T16:19:00,304.4,304.7,304.3,304.6
2021-08-11T16:24:00,304.7,305.2,304.4,304.6
2021-08-11T16:29:00,304.5,304.8,304.4,304.7
2021-08-11T16:34:00,304.8,304.8,304.2,304.3
2021-08-11T16:39:00,304.3,304.3,303.7,304.1
2021-08-11T16:44:00,304.1,304.4,303.9,304.1
2021-08-11T16:49:00,304.1,304.1,303.6,303.8
2021-08-11T16:54:00,303.7,304,303.6,304
2021-08-11T16:59:00,304,304.8,304,304.7
2021-08-11T17:04:00,304.6,304.8,304,304.2
2021-08-11T17:09:00,304.1,304.4,303.8,304.1
2021-08-11T17:14:00,304.1,304.4,303.9,304.2
2021-08-11T17:19:00,304.1,304.1,302.6,302.8
2021-08-11T17:24:00,302.8,303.6,302.8,303.5
2021-08-11T17:29:00,303.5,303.5,302.4,302.5
2021-08-11T17:34:00,302.5,302.7,301.9,302
2021-08-11T17:39:00,302,302.6,301.8,301.9
2021-08-11T17:44:00,301.9,302.3,301.3,301.3
2021-08-11T17:49:00,301.3,301.3,300.2,300.3
2021-08-11T17:54:00,300.3,300.4,299.6,299.6
2021-08-11T17:59:00,299.7,300.9,299.7,300.6
2021-08-11T18:04:00,300.5,301,300.3,300.8
2021-08-11T18:09:00,300.7,300.8,299.7,300.8
2021-08-11T18:14:00,300.9,300.9,299.8,300.4
2021-08-11T18:19:00,300.3,301.2,300.2,300.4
2021-08-11T18:24:00,300.3,300.3,299.5,299.9
2021-08-11T18:29:00,299.8,301,299.8,300.8
2021-08-11T19:34:00,300.5,300.5,298,298.6
2021-08-11T19:39:00,298.5,299.4,298.5,298.9
2021-08-11T19:44:00,298.9,299.4,298.6,299.2
2021-08-11T19:49:00,299.1,299.2,298.8,299.1
2021-08-11T19:54:00,299.1,299.3,298.6,298.6
2021-08-11T19:59:00,298.6,299,298.4,298.9
2021-08-11T20:04:00,298.9,299.1,298.5,299.1
2021-08-11T20:09:00,299.1,299.2,298.6,298.7
2021-08-11T20:14:00,298.7,299,298.2,298.5
2021-08-11T20:19:00,298.5,299.4,298.5,299.2
2021-08-11T20:24:00,299.3,299.3,298.6,298.9
2021-08-11T20:29:00,298.8,298.9,298.1,298.5
2021-08-11T20:34:00,298.5,298.7,298.1,298.3
2021-08-11T20:39:00,298.3,298.5,298.2,298.5
2021-08-11T20:44:00,298.5,298.5,297.7,298.1
2021-08-11T20:49:00,297.8,298.1,297.8,297.9
2021-08-11T20:54:00,297.9,298.4,297.9,298.3
2021-08-11T20:59:00,298.4,298.8,298.2,298.7
2021-08-11T21:04:00,298.5,299.3,298.5,299
2021-08-11T21:09:00,299.1,299.2,298.7,299.1
2021-08-11T21:14:00,299.1,299.2,298.9,299
2021-08-11T21:19:00,299,299.5,298.7,299
2021-08-11T21:24:00,299.1,299.1,298.7,298.8
2021-08-11T21:29:00,298.9,299.4,298.9,299.4
2021-08-11T21:34:00,299.5,300.6,299.2,300.4
2021-08-11T21:39:00,300.4,301,300.4,300.6
2021-08-11T21:44:00,300.5,300.9,300.3,300.8
2021-08-11T21:49:00,300.8,300.9,300.1,300.4
2021-08-11T21:54:00,300.6,300.6,300,300.1
2021-08-11T21:59:00,300.2,300.7,300,300.6
2021-08-11T22:04:00,300.6,301,300.6,300.9
2021-08-11T22:34:00,300.7,302.5,300.7,301.9
2021-08-11T22:39:00,301.9,302.1,301.4,301.7
2021-08-11T22:44:00,301.6,301.9,301.3,301.7
2021-08-11T22:49:00,301.8,302.2,301.7,302.1
2021-08-11T22:54:00,302.1,302.1,301.6,301.8
2021-08-11T22:59:00,301.7,302.4,301.3,302.2
2021-08-11T23:04:00,302.2,302.8,302.2,302.5
2021-08-11T23:09:00,302.5,302.5,302.1,302.3
2021-08-11T23:14:00,302.3,302.5,301.9,302.1
2021-08-11T23:19:00,302.1,302.1,301.5,301.7
2021-08-11T23:24:00,301.6,302.1,301.6,301.9
2021-08-11T23:29:00,302,302.1,301.8,302
2021-08-11T23:29:00,302,302.1,302,302
2021-08-11T23:29:00,302,302.1,302,302
2021-08-12T11:04:00,302,302,301.6,301.8
2021-08-12T11:09:00,301.8,301.8,301.6,301.6
2021-08-12T11:14:00,301.6,301.8,301.4,301.4
2021-08-12T11:19:00,301.5,301.6,301.3,301.3
2021-08-12T11:24:00,301.4,301.4,300.9,301.1
2021-08-12T11:29:00,301.2,301.2,301.1,301.1
2021-08-12T11:34:00,301.2,301.2,300.8,300.8
2021-08-12T11:39:00,300.8,301,300.8,300.9
2021-08-12T11:44:00,300.9,301,300.7,301
2021-08-12T11:49:00,301,301.2,301,301.1
2021-08-12T11:54:00,301.2,301.2,300.7,300.8
2021-08-12T11:59:00,300.7,301,300.7,300.9
2021-08-12T12:04:00,300.8,300.9,300.7,300.8
2021-08-12T12:09:00,300.8,301,300.8,300.8
2021-08-12T12:14:00,300.8,300.8,300.6,300.6
2021-08-12T12:19:00,300.7,301,300.6,300.8
2021-08-12T12:24:00,300.8,301.9,300.8,301.8
2021-08-12T12:29:00,301.8,302,301.5,301.5
2021-08-12T13:24:00,301.9,302,301.7,301.8
2021-08-12T13:29:00,301.7,302,301.7,301.9
2021-08-12T13:34:00,301.9,302,301.7,301.8
2021-08-12T13:39:00,301.9,301.9,301.5,301.6
2021-08-12T13:44:00,301.6,301.8,301.6,301.6
2021-08-12T13:49:00,301.5,301.7,301.4,301.5
2021-08-12T13:54:00,301.4,301.5,301.3,301.4
2021-08-12T13:59:00,301.4,301.6,301.4,301.5
2021-08-12T14:04:00,301.6,301.6,301.2,301.2
2021-08-12T14:09:00,301.2,301.3,301.2,301.2
2021-08-12T14:14:00,301.2,301.2,300.4,300.5
2021-08-12T14:19:00,300.5,300.8,300.5,300.7
2021-08-12T14:24:00,300.7,300.8,300.6,300.7
2021-08-12T14:29:00,300.8,300.9,300.8,300.9
2021-08-12T14:34:00,300.9,301.3,300.9,301.2
2021-08-12T14:39:00,301.2,301.4,301,301.2
2021-08-12T14:44:00,301.2,301.2,300.6,300.7
2021-08-12T14:49:00,300.7,301.2,300.7,301.1
2021-08-12T14:54:00,301.1,301.4,301.1,301.3
2021-08-12T14:59:00,301.2,301.3,301.1,301.3
2021-08-12T15:04:00,301.2,301.9,301.2,301.4
2021-08-12T15:09:00,301.4,301.6,301.3,301.5
2021-08-12T15:14:00,301.5,301.5,301.1,301.2
2021-08-12T15:19:00,301.2,301.4,301.1,301.3
2021-08-12T15:24:00,301.3,301.3,300.8,300.9
2021-08-12T15:29:00,300.8,300.9,300.5,300.6
2021-08-12T15:34:00,300.7,301.1,300.7,301.1
2021-08-12T15:39:00,301,301,300.7,300.9
2021-08-12T15:44:00,300.8,301,300.7,301
2021-08-12T15:49:00,301,301,300.7,300.8
2021-08-12T15:54:00,300.8,301.3,300.7,300.7
2021-08-12T15:59:00,300.7,300.9,300.7,300.8
2021-08-12T16:04:00,300.8,301,300.6,301
2021-08-12T16:09:00,301,301.1,300.9,301
2021-08-12T16:14:00,301,301,300.6,300.6
2021-08-12T16:19:00,300.6,300.8,300.1,300.1
2021-08-12T16:24:00,300.1,300.5,299.8,299.8
2021-08-12T16:29:00,299.8,300.2,299.6,300.1
2021-08-12T16:34:00,300.1,300.4,299.6,299.7
2021-08-12T16:39:00,299.7,300,299.4,299.4
2021-08-12T16:44:00,299.4,300,299.3,299.9
2021-08-12T16:49:00,299.8,300,299.6,299.9
2021-08-12T16:54:00,299.9,300,299.6,299.7
2021-08-12T16:59:00,299.8,299.9,299.6,299.9
2021-08-12T17:04:00,299.9,299.9,299.3,299.6
2021-08-12T17:09:00,299.7,299.7,299.3,299.5
2021-08-12T17:14:00,299.5,299.6,299.3,299.4
2021-08-12T17:19:00,299.4,299.5,298.8,299.1
2021-08-12T17:24:00,299.1,299.4,298.7,299.3
2021-08-12T17:29:00,299.4,299.4,298.9,299.2
2021-08-12T17:34:00,299.1,299.8,298.5,299.7
2021-08-12T17:39:00,299.7,299.7,298.9,299
2021-08-12T17:44:00,299,299.3,297.9,298.5
2021-08-12T17:49:00,298.5,298.6,298,298.2
2021-08-12T17:54:00,298.3,298.6,297.9,298.3
2021-08-12T17:59:00,298.3,299,298.2,298.9
2021-08-12T18:04:00,298.6,299,298.4,298.9
2021-08-12T18:09:00,298.9,299.1,298.6,298.9
2021-08-12T18:14:00,298.9,298.9,298.4,298.5
2021-08-12T18:19:00,298.4,299.4,298.4,299.1
2021-08-12T18:24:00,298.9,298.9,297.1,297.3
2021-08-12T18:29:00,297.4,297.7,297,297.7
2021-08-12T18:34:00,297.7,298,297,297.7
2021-08-12T18:39:00,297.5,298.6,297.5,298.5
2021-08-12T18:44:00,298.4,298.7,297.9,298.1
2021-08-12T18:49:00,298.1,299,298.1,298.9
2021-08-12T18:54:00,299,299.2,298.3,298.3
2021-08-12T18:59:00,298.3,298.7,297.7,298.3
2021-08-12T19:09:00,298,298.9,297.7,298.8
2021-08-12T19:14:00,299,299.4,298.6,299.2
2021-08-12T19:19:00,299.2,299.5,299,299.2
2021-08-12T19:24:00,299.2,299.3,299,299.1
2021-08-12T19:29:00,299.1,300,299.1,299.8
2021-08-12T19:34:00,299.9,300.1,299.7,299.7
2021-08-12T19:39:00,299.8,300.2,299.4,300.2
2021-08-12T19:44:00,300.2,300.2,299.1,299.2
2021-08-12T22:49:00,299.5,300,291.9,292
2021-08-12T22:54:00,292,292.4,292,292.4
2021-08-12T22:59:00,292.4,293.3,292.4,292.8
2021-08-12T23:04:00,292.8,293,292.4,292.5
2021-08-12T23:09:00,292.6,292.9,292.3,292.7
2021-08-12T23:14:00,292.6,292.7,292.3,292.6
2021-08-12T23:19:00,292.5,292.8,292.3,292.6
2021-08-12T23:24:00,292.6,292.6,292.3,292.4
2021-08-12T23:28:00,292.4,292.6,292.1,292.4
2021-08-12T23:29:00,292.4,292.6,292.2,292.5
2021-08-12T23:29:00,292.4,292.6,292.2,292.5
2021-08-12T23:29:00,292.4,292.6,292.2,292.5
2021-08-12T23:29:00,292.4,292.6,292.2,292.5
2021-08-12T23:29:00,292.4,292.6,292.2,292.5
2021-08-12T23:29:00,292.4,292.6,292.2,292.5
2021-08-12T23:29:00,292.4,292.6,292.2,292.5
2021-08-12T23:29:00,292.4,292.6,292.2,292.5
2021-08-12T23:29:00,292.4,292.6,292.2,292.5
2021-08-13T10:24:00,292.4,292.6,289.3,289.3
2021-08-13T10:34:00,289.5,289.5,289.3,289.4
2021-08-13T10:39:00,289.3,289.6,289.3,289.5
2021-08-13T10:44:00,289.6,289.6,289.5,289.5
2021-08-13T10:49:00,289.6,289.6,289.4,289.6
2021-08-13T10:54:00,289.6,289.6,289.4,289.5
2021-08-13T10:59:00,289.5,289.8,289.5,289.8
2021-08-13T11:04:00,289.7,289.8,289.7,289.8
2021-08-13T11:09:00,289.7,290,289.7,289.9
2021-08-13T19:14:00,289.9,290.6,289.8,290.6
2021-08-13T19:19:00,290.5,291.4,290.5,291.1
2021-08-13T19:24:00,291.2,291.6,290.6,291.3
2021-08-13T19:29:00,291.3,291.5,290.3,290.6
2021-08-13T19:34:00,290.6,291.2,290.6,291.1
2021-08-13T19:39:00,291,291.5,290.9,291.4
2021-08-13T19:44:00,291.4,291.7,291,291.7
2021-08-13T20:09:00,291.7,292.8,291.7,292.2
2021-08-13T20:14:00,292.1,292.8,292.1,292.4
2021-08-13T20:19:00,292.4,292.5,292,292.4
2021-08-13T20:24:00,292.5,292.7,292.3,292.5
2021-08-13T20:29:00,292.5,293.1,292.5,293
2021-08-13T20:34:00,293,293.4,292.2,292.3
2021-08-13T20:39:00,292.3,292.4,291.9,292.2
2021-08-13T20:44:00,292.3,292.3,291.7,292
2021-08-13T20:49:00,292.1,292.2,291.5,291.6
2021-08-13T20:54:00,291.6,292.3,291.6,291.8
2021-08-13T20:59:00,292,292.5,292,292.2
2021-08-13T21:04:00,292.1,292.1,291.4,291.6
2021-08-13T21:09:00,291.7,292,291.1,291.2
2021-08-13T21:14:00,291.2,291.5,290.3,290.4
2021-08-13T21:19:00,290.3,291.1,290.3,290.6
2021-08-13T21:24:00,290.6,290.8,290.4,290.6
2021-08-13T21:29:00,290.5,291.4,290.5,291.3
2021-08-13T21:34:00,291.3,291.7,291.3,291.6
2021-08-13T21:39:00,291.6,291.6,290.8,290.9
2021-08-13T21:44:00,290.9,291.2,290.7,291.1
2021-08-13T21:49:00,291.2,291.5,291.2,291.4
2021-08-13T21:54:00,291.3,291.8,291.1,291.2
2021-08-13T21:59:00,291.3,291.4,290.7,290.9
2021-08-13T22:04:00,290.8,290.8,289.9,290
2021-08-13T22:09:00,290,290.2,289.5,289.5
2021-08-13T22:14:00,289.5,290.1,289.4,289.5
2021-08-13T22:19:00,289.5,289.7,289.1,289.5
2021-08-13T22:24:00,289.5,290.2,289.5,289.9
2021-08-13T22:29:00,289.9,290.1,289.6,290
2021-08-13T22:34:00,289.9,290.1,289.5,289.8
2021-08-13T22:39:00,289.8,290.1,289.3,289.9
2021-08-13T22:44:00,289.9,290,289.3,289.5
2021-08-13T22:49:00,289.5,289.7,289.2,289.4
2021-08-13T22:54:00,289.3,289.6,289.2,289.4
2021-08-13T22:59:00,289.2,289.4,288.7,288.8
2021-08-13T23:04:00,288.9,289,288.4,288.5
2021-08-13T23:09:00,288.5,288.7,288.3,288.3
2021-08-13T23:14:00,288.3,288.5,288,288.5
2021-08-13T23:19:00,288.5,288.6,288.3,288.4
2021-08-13T23:29:00,288.5,288.5,288.2,288.3
2021-08-13T23:29:00,288.4,288.5,288.2,288.3
2021-08-13T23:29:00,288.4,288.5,288.2,288.3
2021-08-13T23:29:00,288.4,288.5,288.2,288.3
2021-08-13T23:29:00,288.4,288.5,288.2,288.3
2021-08-13T23:29:00,288.4,288.5,288.2,288.3
2021-08-13T23:29:00,288.4,288.5,288.2,288.3
2021-08-13T23:29:00,288.4,288.5,288.2,288.3
2021-08-13T23:29:00,288.4,288.5,288.2,288.3
2021-08-16T10:39:00,284.7,285.1,284.7,285
2021-08-16T10:44:00,285,285.1,284.7,284.8
2021-08-16T10:49:00,284.7,284.8,284.7,284.7
2021-08-16T10:54:00,284.7,284.9,284.7,284.8
2021-08-16T10:59:00,284.7,284.8,284.5,284.6
2021-08-16T11:04:00,284.6,284.7,284.5,284.5
2021-08-16T11:09:00,284.6,284.6,284.4,284.4
2021-08-16T11:14:00,284.4,284.7,284.4,284.6
2021-08-16T11:19:00,284.6,284.7,284.5,284.6
2021-08-16T11:24:00,284.6,284.6,284.3,284.4
2021-08-16T11:29:00,284.4,284.5,284.4,284.4
2021-08-16T11:34:00,284.3,284.3,284,284
2021-08-16T11:39:00,284.1,284.1,283.7,283.7
2021-08-16T11:44:00,283.7,283.8,283.6,283.7
2021-08-16T11:49:00,283.7,283.7,283.5,283.6
2021-08-16T11:54:00,283.7,283.7,283.6,283.7
2021-08-16T11:59:00,283.7,283.8,283.7,283.7
2021-08-16T12:04:00,283.6,283.8,283.6,283.7
2021-08-16T12:09:00,283.9,283.9,283.8,283.9
2021-08-16T12:14:00,284,284,283.8,284
2021-08-16T12:19:00,283.9,284.4,283.9,284.1
2021-08-16T12:24:00,284,284.1,283.9,284.1
2021-08-16T12:29:00,284.1,284.1,283.7,284
2021-08-16T12:34:00,284.1,284.1,283.7,283.7
2021-08-16T12:39:00,283.6,283.8,283.6,283.7
2021-08-16T12:44:00,283.7,283.9,283.5,283.5
2021-08-16T12:49:00,283.6,283.9,283.5,283.9
2021-08-16T12:54:00,283.9,283.9,283.5,283.6
2021-08-16T12:59:00,283.6,284.3,283.6,284.1
2021-08-16T13:04:00,284.1,284.3,284,284.1
2021-08-16T13:09:00,284.1,284.1,283.9,284
2021-08-16T13:14:00,283.9,283.9,283.7,283.8
2021-08-16T13:19:00,283.8,283.9,283.8,283.8
2021-08-16T13:24:00,283.9,284.4,283.9,284.3
2021-08-16T13:29:00,284.3,284.7,284.3,284.5
2021-08-16T13:34:00,284.5,284.5,284.1,284.3
2021-08-16T13:39:00,284.3,284.6,284.2,284.5
2021-08-16T13:44:00,284.5,284.5,284.4,284.4
2021-08-16T13:49:00,284.4,284.7,284.3,284.5
2021-08-16T13:54:00,284.6,285.5,284.6,285.3
2021-08-16T13:59:00,285.3,286,285.3,285.7
2021-08-16T14:04:00,285.8,286,285.5,285.7
2021-08-16T14:09:00,285.7,285.9,285.6,285.7
2021-08-16T14:14:00,285.6,285.8,285.4,285.7
2021-08-16T14:19:00,285.6,285.8,285.4,285.4
2021-08-16T14:24:00,285.4,285.5,285.3,285.3
2021-08-16T14:29:00,285.3,285.5,285.2,285.3
2021-08-16T14:34:00,285.5,285.7,285.4,285.7
2021-08-16T14:39:00,285.7,285.7,285.4,285.4
2021-08-16T14:44:00,285.5,285.6,285.3,285.3
2021-08-16T14:49:00,285.4,285.4,285.1,285.2
2021-08-16T14:54:00,285.2,285.3,285.1,285.2
2021-08-16T14:59:00,285.3,285.5,285.2,285.4
2021-08-16T15:04:00,285.4,285.6,285.4,285.5
2021-08-16T15:09:00,285.7,286,285.6,285.8
2021-08-16T15:14:00,285.8,286,285.6,285.9
2021-08-16T15:19:00,286,286,285.7,285.8
2021-08-16T15:24:00,285.8,285.9,285.5,285.5
2021-08-16T15:29:00,285.5,285.7,285.4,285.6
2021-08-16T15:34:00,285.6,285.7,285.3,285.5
2021-08-16T15:39:00,285.3,285.8,285.3,285.8
2021-08-16T15:44:00,285.7,285.9,285.5,285.9
2021-08-16T15:49:00,285.9,286.2,285.7,285.8
2021-08-16T15:54:00,285.8,286,285.7,286
2021-08-16T15:59:00,286,286.5,285.9,286.4
2021-08-16T16:04:00,286.3,287.7,286.2,286.7
2021-08-16T16:09:00,286.7,287.1,286.7,286.8
2021-08-16T16:14:00,286.8,286.9,286.7,286.8
2021-08-16T16:19:00,286.8,287.2,286.7,287.1
2021-08-16T16:24:00,287,287.2,286.9,287.2
2021-08-16T16:29:00,287.1,287.2,286.7,286.8
2021-08-16T16:34:00,286.9,286.9,286.7,286.9
2021-08-16T16:39:00,286.9,287.5,286.9,287.2
2021-08-16T16:44:00,287,287.1,286.9,286.9
2021-08-16T16:49:00,286.9,287.3,286.9,286.9
2021-08-16T16:54:00,287,287.9,286.9,287.7
2021-08-16T16:59:00,287.7,287.9,287.5,287.5
2021-08-16T17:04:00,287.6,288.3,287.6,288.2
2021-08-16T17:09:00,288.2,288.5,288.1,288.4
2021-08-16T17:14:00,288.5,288.8,288.2,288.7
2021-08-16T17:19:00,288.6,289,288.5,288.5
2021-08-16T17:24:00,288.5,289.4,288.5,289.1
2021-08-16T17:29:00,289.2,290.4,289.2,289.9
2021-08-16T17:34:00,289.9,290.2,289.2,289.5
2021-08-16T17:39:00,289.5,291,289.5,290.6
2021-08-16T17:44:00,290.6,290.6,290.1,290.5
2021-08-16T17:49:00,290.4,290.4,289.8,290.2
2021-08-16T17:54:00,290.2,290.8,290.2,290.5
2021-08-16T17:59:00,290.5,290.5,289.6,290.1
2021-08-16T18:04:00,290.1,291.7,290.1,290.8
2021-08-16T18:09:00,290.8,291.1,290.8,291
2021-08-16T18:14:00,290.9,291,290.6,290.6
2021-08-16T18:24:00,290.7,291.4,290.1,291
2021-08-16T18:29:00,290.9,292.5,290.9,291.9
2021-08-16T18:34:00,291.9,292.9,291.8,292.6
2021-08-16T18:39:00,292.7,293,292.2,293
2021-08-16T18:44:00,292.9,293,292.4,292.7
2021-08-16T18:49:00,292.7,292.8,292.1,292.5
2021-08-16T18:54:00,292.5,292.6,291.8,292.3
2021-08-16T18:59:00,292.3,292.4,291.8,291.9
2021-08-16T19:04:00,291.9,293.9,291.9,293.4
2021-08-16T19:09:00,293.5,293.9,293.3,293.7
2021-08-16T19:14:00,293.7,293.8,293.1,293.3
2021-08-16T19:19:00,293.5,294.7,293.5,294.5
2021-08-16T19:24:00,294.5,296,294.5,295.4
2021-08-16T19:29:00,295.4,295.4,294.5,294.9
2021-08-16T19:34:00,295,295.2,294.6,294.9
2021-08-16T19:39:00,294.9,295.1,294.5,294.7
2021-08-16T19:44:00,294.6,294.8,294.2,294.5
2021-08-16T19:49:00,294.4,294.7,293.3,293.6
2021-08-16T19:54:00,293.5,294,293.5,293.9
2021-08-16T19:59:00,293.8,294,292.8,293.2
2021-08-16T20:04:00,293.3,293.7,293.1,293.5
2021-08-16T20:09:00,293.3,293.6,292.8,293.5
2021-08-16T20:14:00,293.5,295,293.5,294.9
2021-08-16T20:19:00,294.8,294.9,294.5,294.9
2021-08-16T20:24:00,294.8,294.9,294.4,294.5
2021-08-16T20:29:00,294.6,295.7,294.6,295.6
2021-08-16T20:34:00,295.6,295.7,294.2,294.3
2021-08-16T20:39:00,294.4,294.8,294.1,294.7
2021-08-16T20:44:00,294.6,294.6,294.2,294.6
2021-08-16T20:49:00,294.6,294.7,294.1,294.1
2021-08-16T20:54:00,294.2,294.4,293.6,293.6
2021-08-16T20:59:00,293.6,294.1,293.4,294
2021-08-16T21:04:00,294,294.4,293.9,294.1
2021-08-16T21:09:00,294.1,294.3,293.8,293.9
2021-08-16T21:14:00,294.1,294.3,293.7,294.2
2021-08-16T21:19:00,294.1,294.4,294.1,294.2
2021-08-16T21:24:00,294.2,294.8,294.1,294.7
2021-08-16T21:29:00,294.8,294.8,294.4,294.4
2021-08-16T21:34:00,294.5,294.5,294,294
2021-08-16T21:39:00,294,294.2,293.7,294.2
2021-08-16T21:44:00,294.2,294.7,294.1,294.1
2021-08-16T22:14:00,294.1,294.3,293.9,294.3
2021-08-16T22:19:00,294.3,294.5,294.2,294.4
2021-08-16T22:24:00,294.4,294.4,294.2,294.3
2021-08-16T22:29:00,294.4,294.5,294.1,294.2
2021-08-16T22:34:00,294.1,294.5,294.1,294.4
2021-08-16T22:39:00,294.5,294.5,294.1,294.3
2021-08-16T22:44:00,294.3,294.5,294.3,294.4
2021-08-16T22:49:00,294.5,295.1,294.5,294.7
2021-08-16T22:54:00,294.7,294.9,294.6,294.8
2021-08-16T22:59:00,294.9,294.9,294.5,294.9
2021-08-16T23:04:00,294.8,294.8,294.5,294.6
2021-08-16T23:09:00,294.6,295.3,294.6,295.1
2021-08-16T23:14:00,295.2,295.2,294.3,294.3
2021-08-16T23:19:00,294.3,295,294.3,294.3
2021-08-16T23:24:00,294.4,294.5,294.1,294.3
2021-08-16T23:29:00,294.3,294.4,294.1,294.3
2021-08-16T23:29:00,294.2,294.3,294.2,294.3
2021-08-16T23:30:00,294.2,294.2,294.2,294.2
2021-08-16T23:30:00,294.2,294.2,294.2,294.2
2021-08-16T23:30:00,294.2,294.2,294.2,294.2
2021-08-16T23:30:00,294.2,294.2,294.2,294.2
2021-08-16T23:30:00,294.2,294.2,294.2,294.2
2021-08-16T23:30:00,294.2,294.2,294.2,294.2
2021-08-17T11:24:00,294.2,294.2,292.1,292.1
2021-08-17T11:29:00,292.1,292.1,291.7,291.8
2021-08-17T11:34:00,291.8,291.9,291.7,291.8
2021-08-17T11:39:00,291.9,292,291.7,291.9
2021-08-17T11:44:00,291.8,291.8,291.4,291.7
2021-08-17T11:49:00,291.7,291.9,291.6,291.8
2021-08-17T11:54:00,291.9,291.9,291.5,291.6
2021-08-17T11:59:00,291.6,291.8,291.6,291.7
2021-08-17T12:04:00,291.8,291.9,291.6,291.8
2021-08-17T12:09:00,291.8,291.8,291.6,291.7
2021-08-17T12:14:00,291.7,291.8,291.5,291.6
2021-08-17T12:19:00,291.5,291.7,291.2,291.3
2021-08-17T12:24:00,291.4,291.4,291.2,291.2
2021-08-17T12:29:00,291.2,291.3,291.2,291.2
2021-08-17T12:34:00,291.3,291.4,291,291.4
2021-08-17T12:39:00,291.4,291.6,291.1,291.2
2021-08-17T12:44:00,291.2,291.2,290.8,290.9
2021-08-17T12:49:00,290.9,291.1,290.7,291.1
2021-08-17T12:54:00,291,291.2,290.8,291
2021-08-17T12:59:00,290.9,290.9,290.6,290.7
2021-08-17T13:04:00,290.8,290.9,290.6,290.8
2021-08-17T13:09:00,290.8,290.8,290.6,290.8
2021-08-17T13:14:00,290.8,290.8,290.7,290.7
2021-08-17T13:19:00,290.7,290.7,290.3,290.4
2021-08-17T13:24:00,290.4,290.7,290.4,290.7
2021-08-17T13:29:00,290.7,291,290.6,291
2021-08-17T13:34:00,291,291.2,290.7,291.1
2021-08-17T13:39:00,291.1,291.1,290.5,290.6
2021-08-17T13:44:00,290.6,290.6,290.4,290.5
2021-08-17T13:49:00,290.5,290.6,289.7,289.8
2021-08-17T13:54:00,289.8,289.9,289.4,289.8
2021-08-17T13:59:00,289.8,289.8,288.7,288.8
2021-08-17T14:04:00,288.8,288.9,288.3,288.9
2021-08-17T14:09:00,289,289.3,288.8,289.3
2021-08-17T14:14:00,289.3,289.3,289,289.3
2021-08-17T14:19:00,289.3,289.4,289.1,289.2
2021-08-17T14:24:00,289.4,289.4,288.8,289.1
2021-08-17T14:29:00,289.2,289.9,289.2,289.8
2021-08-17T14:34:00,289.7,290.2,289.7,290.2
2021-08-17T14:39:00,290.2,290.8,290.2,290.5
2021-08-17T14:44:00,290.5,290.8,290.5,290.7
2021-08-17T14:49:00,290.6,290.6,290.3,290.5
2021-08-17T14:59:00,290.6,290.6,290,290
2021-08-17T15:04:00,290,290,289.5,289.8
2021-08-17T15:09:00,289.7,289.8,289.5,289.5
2021-08-17T15:14:00,289.6,290.2,289.6,290.2
2021-08-17T15:19:00,290.2,290.2,289.7,290
2021-08-17T15:24:00,289.9,290.3,289.8,290.1
2021-08-17T15:29:00,290.1,290.7,290.1,290.7
2021-08-17T15:34:00,290.7,290.7,290.3,290.6
2021-08-17T15:38:00,290.6,290.7,290.5,290.6
2021-08-17T15:44:00,290.6,290.8,290.2,290.4
2021-08-17T15:49:00,290.3,290.6,290.1,290.3
2021-08-17T15:54:00,290.2,290.3,290.1,290.2
2021-08-17T15:59:00,290.2,290.2,289.8,290
2021-08-17T16:04:00,290,290.1,289.8,290.1
2021-08-17T16:09:00,290.1,290.1,289.2,289.5
2021-08-17T18:04:00,289.4,292.4,289.1,291.8
2021-08-17T18:09:00,291.8,291.9,290.9,291
2021-08-17T18:14:00,291.5,291.5,290.4,290.6
2021-08-17T18:24:00,291.1,291.1,289.3,289.4
2021-08-17T18:39:00,289.6,289.7,287.5,287.9
2021-08-17T18:44:00,288,288.6,287.9,288.4
2021-08-17T18:49:00,288.4,288.4,287.4,288.2
2021-08-17T20:09:00,287.6,288.3,285,285.6
2021-08-17T20:14:00,285.5,285.8,285.3,285.7
2021-08-17T20:19:00,285.8,285.8,285.1,285.5
2021-08-17T20:24:00,285.5,286.6,285.5,286.5
2021-08-17T20:29:00,286.5,286.5,285.8,286.4
2021-08-17T20:34:00,286,287.2,286,287.1
2021-08-17T20:39:00,286.4,287.2,286.4,286.6
2021-08-17T20:44:00,286.6,286.6,286,286.3
2021-08-17T20:49:00,286.3,286.4,286,286.1
2021-08-17T20:54:00,286.1,286.6,285.7,286.4
2021-08-17T20:59:00,286.5,286.5,286.1,286.5
2021-08-17T21:09:00,286.4,286.5,286.1,286.5
2021-08-17T21:14:00,286.3,286.7,286.2,286.2
2021-08-17T21:19:00,286.2,286.3,285.9,285.9
2021-08-17T21:24:00,286,286.2,286,286.1
2021-08-17T21:29:00,286.1,286.1,285.7,285.7
2021-08-17T21:34:00,286,286.1,285.7,286.1
2021-08-17T22:29:00,286.1,286.5,285.8,286.2
2021-08-18T11:04:00,286.2,286.2,285,285
2021-08-18T11:09:00,285,285.1,285,285
2021-08-18T11:14:00,285,285,284.4,284.5
2021-08-18T11:19:00,284.6,285.3,284.6,285.1
2021-08-18T11:24:00,285.1,285.1,284.8,285
2021-08-18T11:29:00,285,285,284.6,284.6
2021-08-18T11:34:00,284.6,284.8,284.6,284.6
2021-08-18T11:39:00,284.6,285.3,284.6,285.2
2021-08-18T11:44:00,285.2,285.3,285.1,285.2
2021-08-18T11:49:00,285.2,285.3,285,285.1
2021-08-18T11:54:00,285.1,285.6,285,285.6
2021-08-18T12:19:00,285.4,285.5,285.3,285.4
2021-08-18T12:24:00,285.4,285.5,285.4,285.5
2021-08-18T12:29:00,285.4,285.4,285.2,285.3
2021-08-18T12:34:00,285.4,285.4,285.2,285.3
2021-08-18T12:39:00,285.3,285.3,284.6,284.7
2021-08-18T12:44:00,284.6,284.7,283.9,284
2021-08-18T13:34:00,284.6,284.6,283.8,283.9
2021-08-18T13:39:00,283.9,284.3,283.8,283.9
2021-08-18T13:44:00,283.8,283.9,283.7,283.7
2021-08-18T13:49:00,283.8,283.9,283.6,283.7
2021-08-18T13:54:00,283.6,284,283.6,283.9
2021-08-18T13:59:00,283.9,284,283.7,283.9
2021-08-18T14:04:00,284,284.3,283.8,284.2
2021-08-18T14:09:00,284.1,284.4,283.9,284
2021-08-18T15:09:00,284,285.6,283.9,285.3
2021-08-18T15:14:00,285.4,285.7,285.3,285.7
2021-08-18T15:19:00,285.7,285.7,285.3,285.5
2021-08-18T15:24:00,285.5,285.5,285.3,285.3
2021-08-18T15:29:00,285.4,285.6,285.4,285.4
2021-08-18T15:34:00,285.5,286.8,285.5,286.4
2021-08-18T15:39:00,286.5,286.6,286.2,286.4
2021-08-18T15:44:00,286.4,286.4,286.1,286.1
2021-08-18T15:49:00,286.1,286.1,285.4,285.5
2021-08-18T15:54:00,285.4,285.4,284.9,285
2021-08-18T15:59:00,285,285.5,284.9,285.3
2021-08-18T16:04:00,285.3,285.3,284.8,285.1
2021-08-18T16:09:00,285.1,285.8,285.1,285.8
2021-08-18T16:14:00,285.8,286.2,285.7,285.9
2021-08-18T16:19:00,286,286.1,285.9,286
2021-08-18T16:24:00,285.9,286.3,285.9,285.9
2021-08-18T16:29:00,286,286.8,286,286.4
2021-08-18T16:34:00,286.6,287,286.2,286.7
2021-08-18T16:39:00,286.8,287.2,286.7,286.7
2021-08-18T17:29:00,286.7,286.7,285.3,286.4
2021-08-18T17:34:00,286.4,287.3,285.8,285.9
2021-08-18T17:39:00,285.9,286.4,285.4,285.5
2021-08-18T17:44:00,285.5,286.4,285.5,286.1
2021-08-18T17:49:00,286.1,286.2,285.7,285.9
2021-08-18T17:54:00,285.9,286.4,285.9,285.9
2021-08-18T17:59:00,285.9,286.1,285.5,286.1
2021-08-18T18:04:00,286.1,287.1,286.1,286.9
2021-08-18T18:09:00,287,287.8,286.4,287.7
2021-08-18T18:14:00,287.8,287.9,287,287.2
2021-08-18T18:19:00,287.4,287.8,287.2,287.5
2021-08-18T18:24:00,287.5,287.5,286.8,287.2
2021-08-18T18:29:00,287.4,287.7,286.5,287.3
2021-08-18T18:34:00,287,287,286.4,286.5
2021-08-18T18:39:00,286.4,287.1,286.4,286.9
2021-08-18T18:44:00,286.9,287.3,286.8,287
2021-08-18T18:49:00,287.1,287.1,286.1,286.1
2021-08-18T18:54:00,286.1,286.7,286,286.2
2021-08-18T18:59:00,286.2,286.9,286,286.9
2021-08-18T19:04:00,286.8,286.8,286.1,286.1
2021-08-18T19:09:00,286.1,286.3,285.8,286.3
2021-08-18T19:14:00,286.1,286.1,284.8,285.2
2021-08-18T19:19:00,285.2,285.5,285,285.4
2021-08-18T19:24:00,285.3,285.3,284,284.5
2021-08-18T19:29:00,284.5,284.9,284.4,284.8
2021-08-18T19:34:00,284.7,284.8,284.2,284.4
2021-08-18T19:39:00,284.4,284.6,284.1,284.4
2021-08-18T19:44:00,284.4,284.7,284.1,284.4
2021-08-18T19:49:00,284.4,284.4,282.2,282.3
2021-08-18T19:54:00,282.3,283.2,282,283.1
2021-08-18T19:59:00,283,283,282,282.5
2021-08-18T20:04:00,282.7,283.1,282.3,282.7
2021-08-18T20:09:00,282.7,282.7,282,282.1
2021-08-18T20:14:00,282.1,282.8,282.1,282.6
2021-08-18T20:19:00,282.5,283.4,282.4,283.3
2021-08-18T20:24:00,283.3,286.2,282.8,285.9
2021-08-18T20:29:00,286,286.2,285.5,286.1
2021-08-18T20:34:00,286.2,287.3,285.7,285.8
2021-08-18T20:39:00,285.9,285.9,284.6,285.1
2021-08-18T20:44:00,285,285,284.5,284.6
2021-08-18T20:49:00,284.5,286.8,284.5,286.5
2021-08-18T20:54:00,286.5,287.4,286.5,287
2021-08-18T20:59:00,286.9,287,286.4,286.5
2021-08-18T21:04:00,286.5,286.6,286,286.2
2021-08-18T21:09:00,286.2,286.4,285.7,285.8
2021-08-18T21:14:00,285.8,286,285.4,285.7
2021-08-18T21:19:00,285.7,286.2,285.6,285.8
2021-08-18T21:24:00,285.7,286,284.8,284.8
2021-08-18T21:29:00,284.9,285.2,284.8,285
2021-08-18T21:34:00,285.1,285.3,284.8,285.1
2021-08-18T21:39:00,285.1,285.3,285,285.1
2021-08-18T21:44:00,285.2,286.3,284.5,286.3
2021-08-18T21:49:00,286.2,286.6,286,286.2
2021-08-18T21:54:00,286.2,286.3,286,286.1
2021-08-18T21:59:00,286.1,286.6,286,286.6
2021-08-18T22:04:00,286.5,287.4,286.5,287
2021-08-18T22:09:00,287.1,287.1,286.7,286.8
2021-08-18T22:14:00,286.8,286.9,286.2,286.3
2021-08-18T22:19:00,286.3,287.1,286.3,286.9
2021-08-18T22:24:00,286.9,286.9,286.3,286.5
2021-08-18T22:29:00,286.5,287.1,286.5,286.6
2021-08-18T22:34:00,286.7,286.7,286.4,286.5
2021-08-18T22:39:00,286.6,286.6,286.1,286.3
2021-08-18T22:44:00,286.3,286.7,286.3,286.3
2021-08-18T22:49:00,286.4,286.6,286.2,286.5
2021-08-18T22:54:00,286.5,286.6,286.2,286.5
2021-08-19T17:14:00,286.4,287,281.8,282
2021-08-19T17:19:00,282,282.1,281.8,282
2021-08-19T17:24:00,282,282.1,281.6,281.6
2021-08-19T17:29:00,281.7,281.9,281.2,281.6
2021-08-19T17:34:00,281.6,281.7,281.2,281.4
2021-08-19T17:39:00,281.4,282,281.1,281.8
2021-08-19T17:44:00,281.8,281.8,281.1,281.4
2021-08-19T17:49:00,281.4,281.6,280.4,281
2021-08-19T17:54:00,281.1,282,280.9,281.7
2021-08-19T17:59:00,281.7,282,281.6,281.9
2021-08-19T18:04:00,281.8,282,281.4,281.7
2021-08-19T18:09:00,281.8,281.8,281.3,281.7
2021-08-19T18:14:00,281.7,282.3,281.5,282.1
2021-08-19T18:19:00,282.1,282.1,281.3,281.6
2021-08-19T18:24:00,281.6,282.1,281.3,281.4
2021-08-19T18:29:00,281.5,281.5,280.9,281
2021-08-19T18:34:00,280.9,281.7,280.9,281.4
2021-08-19T18:39:00,281.4,282,281.3,281.8
2021-08-19T18:44:00,281.8,282.8,281.5,282.5
2021-08-19T18:49:00,282.4,282.5,281.9,282.1
2021-08-19T18:54:00,282.2,282.2,281.7,281.7
2021-08-19T20:44:00,281.8,281.8,278.8,279
2021-08-19T20:49:00,279,279.5,278.7,279.4
2021-08-19T20:54:00,279.3,279.5,278.8,279.4
2021-08-19T20:59:00,279.5,280,279.5,279.8
2021-08-19T21:04:00,279.8,280.1,279.7,279.9
2021-08-19T21:09:00,279.8,279.8,279.4,279.7
2021-08-19T22:14:00,279.7,284.6,279.4,284.5
2021-08-19T22:19:00,284.5,284.9,284.1,284.5
2021-08-19T22:24:00,284.4,284.5,284.1,284.5
2021-08-19T22:29:00,284.5,284.9,284.4,284.8
2021-08-19T22:34:00,284.8,284.8,283.9,284.2
2021-08-19T22:39:00,284.3,284.3,284,284
2021-08-19T22:44:00,284.1,284.2,283.8,283.8
2021-08-19T22:49:00,283.8,284.4,283.8,284.2
2021-08-19T22:54:00,284.2,284.5,283.9,284
2021-08-19T22:59:00,284.1,284.6,284,284.5
2021-08-19T23:04:00,284.5,284.5,284.1,284.3
2021-08-19T23:09:00,284.3,284.7,284.2,284.5
2021-08-19T23:14:00,284.5,285,284.5,284.8
2021-08-19T23:19:00,284.8,285,284.4,284.4
2021-08-19T23:24:00,284.4,284.6,284.3,284.5
2021-08-19T23:29:00,284.4,284.4,284.2,284.3
2021-08-19T23:29:00,284.2,284.4,284.2,284.3
2021-08-19T23:29:00,284.2,284.4,284.2,284.3
2021-08-19T23:29:00,284.2,284.4,284.2,284.3
2021-08-19T23:29:00,284.2,284.4,284.2,284.3
2021-08-19T23:29:00,284.2,284.4,284.2,284.3
2021-08-19T23:29:00,284.2,284.4,284.2,284.3
2021-08-19T23:29:00,284.2,284.4,284.2,284.3
2021-08-19T23:29:00,284.2,284.4,284.2,284.3
2021-08-19T23:29:00,284.2,284.4,284.2,284.3
2021-08-19T23:29:00,284.2,284.4,284.2,284.3
2021-08-19T23:29:00,284.2,284.4,284.2,284.3
2021-08-19T23:29:00,284.2,284.4,284.2,284.3
2021-08-19T23:29:00,284.2,284.4,284.2,284.3
2021-08-19T23:29:00,284.2,284.4,284.2,284.3
2021-08-19T23:29:00,284.2,284.4,284.2,284.3
2021-08-19T23:29:00,284.2,284.4,284.2,284.3
2021-08-19T23:29:00,284.2,284.4,284.2,284.3
2021-08-19T23:29:00,284.2,284.4,284.2,284.3
2021-08-19T23:29:00,284.2,284.4,284.2,284.3
2021-08-19T23:29:00,284.2,284.4,284.2,284.3
2021-08-19T23:29:00,284.2,284.4,284.2,284.3
2021-08-19T23:29:00,284.2,284.4,284.2,284.3
2021-08-19T23:29:00,284.2,284.4,284.2,284.3
2021-08-19T23:29:00,284.2,284.4,284.2,284.3
2021-08-19T23:29:00,284.2,284.4,284.2,284.3
2021-08-19T23:29:00,284.2,284.4,284.2,284.3
2021-08-19T23:29:00,284.2,284.4,284.2,284.3
2021-08-19T23:29:00,284.2,284.4,284.2,284.3
2021-08-19T23:29:00,284.2,284.4,284.2,284.3
2021-08-19T23:29:00,284.2,284.4,284.2,284.3
2021-08-19T23:29:00,284.2,284.4,284.2,284.3
2021-08-19T23:29:00,284.2,284.4,284.2,284.3
2021-08-19T23:29:00,284.2,284.4,284.2,284.3
2021-08-20T10:49:00,284.2,288.5,284.2,288.3
2021-08-20T10:54:00,288.3,288.5,288.2,288.3
2021-08-20T10:59:00,288.2,288.5,288.2,288.4
2021-08-20T11:04:00,288.4,288.5,288.2,288.2
2021-08-20T11:09:00,288.2,288.2,287.5,287.5
2021-08-20T11:14:00,287.5,287.5,287.3,287.4
2021-08-20T11:19:00,287.4,288.1,287.4,288.1
2021-08-20T11:24:00,288.1,288.1,287.7,287.7
2021-08-20T11:28:00,287.7,287.9,287.7,287.8
2021-08-20T11:34:00,287.9,288.5,287.9,288.3
2021-08-20T11:39:00,288.2,288.8,288.2,288.8
2021-08-20T11:44:00,288.8,288.8,288.6,288.7
2021-08-20T11:49:00,288.7,288.9,288.7,288.7
2021-08-20T11:54:00,288.8,288.8,288.3,288.5
2021-08-20T11:59:00,288.6,288.7,288.4,288.5
2021-08-20T12:04:00,288.5,288.6,288.2,288.5
2021-08-20T12:09:00,288.4,288.5,288.2,288.5
2021-08-20T12:14:00,288.4,288.4,288.3,288.4
2021-08-20T12:19:00,288.2,288.3,288,288.1
2021-08-20T12:24:00,288.2,288.4,288.1,288.4
2021-08-20T12:29:00,288.3,288.8,288.3,288.7
2021-08-20T12:34:00,288.7,288.7,288.5,288.6
2021-08-20T12:39:00,288.6,288.8,288.4,288.7
2021-08-20T12:44:00,288.6,289.7,288.6,289.4
2021-08-20T12:49:00,289.5,289.6,289.4,289.5
2021-08-20T12:54:00,289.6,290.3,289.3,290
2021-08-20T12:59:00,289.9,290.7,289.9,290.5
2021-08-20T13:04:00,290.4,290.6,290.1,290.1
2021-08-20T13:34:00,290.2,290.4,289.8,290.2
2021-08-20T13:39:00,290.3,290.5,290,290.3
2021-08-20T13:44:00,290.3,290.4,290.2,290.4
2021-08-20T13:49:00,290.4,290.9,290.3,290.8
2021-08-20T13:54:00,290.7,290.8,290.3,290.7
2021-08-20T13:59:00,290.8,291.8,290.8,291.6
2021-08-20T14:04:00,291.6,291.8,291.3,291.4
2021-08-20T14:09:00,291.5,291.5,291.3,291.3
2021-08-20T14:14:00,291.4,291.6,291.2,291.4
2021-08-20T14:19:00,291.3,291.4,291,291.3
2021-08-20T14:24:00,291.2,291.2,290.9,291.1
2021-08-20T14:29:00,291.1,291.1,291,291.1
2021-08-20T14:34:00,291.1,291.7,291.1,291.5
2021-08-20T14:39:00,291.4,291.9,291.2,291.4
2021-08-20T14:44:00,291.4,291.4,290.8,290.8
2021-08-20T14:49:00,290.9,291.2,290.9,291.1
2021-08-20T14:54:00,291.2,291.2,290.7,290.9
2021-08-20T14:59:00,290.9,291.1,290.6,291.1
2021-08-20T15:04:00,291.1,291.1,290.6,290.8
2021-08-20T15:09:00,290.8,291,290.6,290.7
2021-08-20T15:14:00,290.7,290.7,290.5,290.5
2021-08-20T15:19:00,290.4,290.8,290.4,290.6
2021-08-20T15:24:00,290.7,290.8,290.6,290.8
2021-08-20T15:29:00,290.8,290.8,290.2,290.4
2021-08-20T15:49:00,290.4,291.2,290.4,291.2
2021-08-20T15:54:00,291.3,291.6,291.2,291.2
2021-08-20T15:59:00,291.2,291.3,290.9,291
2021-08-20T16:04:00,291.1,291.1,290.3,290.4
2021-08-20T16:09:00,290.4,290.6,290.2,290.3
2021-08-20T16:14:00,290.4,290.7,290.4,290.6
2021-08-20T16:19:00,290.6,290.8,290.4,290.7
2021-08-20T16:24:00,290.7,291.4,290.6,290.7
2021-08-20T16:29:00,290.8,291.8,290.8,291.8
2021-08-20T16:34:00,291.8,291.8,291.4,291.6
2021-08-20T16:39:00,291.6,291.9,291.6,291.7
2021-08-20T16:44:00,291.8,291.9,291.5,291.6
2021-08-20T16:49:00,291.6,292.4,291.6,292
2021-08-20T16:54:00,292,292.1,291,291
2021-08-20T16:59:00,291,291.4,291,291
2021-08-20T17:04:00,291.1,291.9,290.9,291.7
2021-08-20T17:09:00,291.7,291.7,291.3,291.5
2021-08-20T17:14:00,291.5,291.5,290.7,290.7
2021-08-20T17:19:00,290.8,291.2,290.8,291
2021-08-20T17:24:00,291.2,291.2,290.8,291.1
2021-08-20T17:29:00,291.1,291.1,290.4,290.5
2021-08-20T17:34:00,291.1,291.8,291.1,291.5
2021-08-20T17:39:00,291.7,291.7,290.4,290.5
2021-08-20T17:44:00,290.5,290.7,289.9,290.6
2021-08-20T17:49:00,290.7,291.4,290.7,290.7
2021-08-20T17:54:00,290.8,290.8,290.6,290.7
2021-08-20T17:59:00,290.7,290.8,290.2,290.7
2021-08-20T18:04:00,290.7,290.8,290.2,290.8
2021-08-23T12:54:00,287.4,288.7,287.4,288.5
2021-08-23T12:59:00,288.5,288.8,288.4,288.7
2021-08-23T13:04:00,288.8,289.1,288.5,289
2021-08-23T13:09:00,289,289.3,288.9,289
2021-08-23T13:14:00,289,289.1,288.9,288.9
2021-08-23T13:19:00,288.9,289.1,288.5,288.7
2021-08-23T13:44:00,288.7,289.4,288.6,289.4
2021-08-23T13:49:00,289.3,289.4,289.1,289.2
2021-08-23T13:54:00,289.1,289.7,289.1,289.5
2021-08-23T13:59:00,289.5,289.5,289,289.1
2021-08-23T14:04:00,289.1,289.5,289.1,289.5
2021-08-23T14:09:00,289.5,289.7,289.4,289.7
2021-08-23T14:14:00,289.7,290,289.6,289.8
2021-08-23T14:19:00,289.7,289.7,289.4,289.5
2021-08-23T14:24:00,289.5,289.6,289.3,289.5
2021-08-23T14:29:00,289.5,289.6,289.5,289.6
2021-08-23T14:34:00,289.5,289.7,289.5,289.7
2021-08-23T14:39:00,289.7,290.2,289.6,290.1
2021-08-23T14:44:00,290.1,290.5,290,290.2
2021-08-23T14:49:00,290.1,290.2,289.9,290.1
2021-08-23T14:54:00,290.1,290.3,289.9,290
2021-08-23T14:59:00,290.1,290.7,290.1,290.7
2021-08-23T15:04:00,290.7,290.8,290.6,290.7
2021-08-23T15:09:00,290.6,290.7,290.4,290.7
2021-08-23T15:14:00,290.6,290.7,290.2,290.4
2021-08-23T15:19:00,290.3,290.6,290.3,290.5
2021-08-23T15:24:00,290.5,290.5,290.2,290.4
2021-08-23T15:29:00,290.3,290.5,290.3,290.4
2021-08-23T15:34:00,290.3,290.4,289.9,289.9
2021-08-23T15:39:00,289.9,289.9,289.5,289.7
2021-08-23T15:44:00,289.7,289.9,289.7,289.8
2021-08-23T15:49:00,289.8,290.3,289.8,290.1
2021-08-23T15:54:00,290.1,290.4,290.1,290.3
2021-08-23T15:59:00,290.2,290.3,289.9,290
2021-08-23T16:04:00,290.1,290.1,289.8,290.1
2021-08-23T16:09:00,290,290,289.7,289.8
2021-08-23T16:14:00,289.8,289.9,289.6,289.8
2021-08-23T16:19:00,289.6,289.9,289.6,289.9
2021-08-23T16:24:00,289.9,290.2,289.8,290
2021-08-23T16:29:00,290.1,290.3,290,290.3
2021-08-23T16:59:00,290.1,291.4,290,290.7
2021-08-23T17:04:00,290.7,291.1,290.7,291.1
2021-08-23T17:09:00,291.1,291.3,291,291
2021-08-23T17:14:00,291.2,291.2,290.9,291
2021-08-23T17:19:00,291,291.2,290.1,290.3
2021-08-23T17:24:00,290.3,290.3,289.6,289.8
2021-08-23T17:29:00,289.7,289.9,289.6,289.7
2021-08-23T17:34:00,289.6,290.6,289.6,290.6
2021-08-23T17:39:00,290.5,291,290.3,290.4
2021-08-23T17:44:00,290.4,290.4,289.8,289.9
2021-08-23T17:49:00,289.8,290,289.1,289.2
2021-08-23T17:54:00,289.2,289.6,288.8,289.2
2021-08-23T17:59:00,289.1,289.5,289,289.4
2021-08-23T18:04:00,289.3,289.3,288.6,289.1
2021-08-23T18:09:00,289.1,290.1,288.7,290
2021-08-23T18:14:00,290,290.8,290,290.7
2021-08-23T18:19:00,290.8,290.8,289.6,290.2
2021-08-23T18:24:00,290.2,290.5,290,290.4
2021-08-23T18:29:00,290.4,290.4,289,289.2
2021-08-23T18:34:00,289.3,289.6,288.8,289.2
2021-08-23T18:39:00,289.2,289.8,289.2,289.2
2021-08-23T18:44:00,289.3,289.3,287.9,288.1
2021-08-23T18:49:00,288.1,288.2,287.5,287.9
2021-08-23T18:54:00,287.9,288.8,287.9,288.4
2021-08-23T18:59:00,288.4,288.4,288,288.3
2021-08-23T19:04:00,288.2,289.4,288.2,288.7
2021-08-23T19:09:00,288.8,289.1,288.1,288.3
2021-08-23T19:14:00,288.4,288.8,288.3,288.8
2021-08-23T19:19:00,288.6,289.8,288.6,289.6
2021-08-23T19:24:00,289.6,290.2,289.5,289.8
2021-08-23T19:29:00,290,290,289.5,289.7
2021-08-23T19:34:00,289.8,290.1,289.7,290.1
2021-08-23T19:39:00,290,290.4,289.8,289.9
2021-08-23T19:44:00,289.9,290.2,289.7,290.1
2021-08-23T19:49:00,290.1,290.3,289.8,290
2021-08-23T19:54:00,289.9,290.2,289.3,289.3
2021-08-23T19:59:00,289.4,289.5,289,289.4
2021-08-23T20:04:00,289.7,289.9,289.4,289.8
2021-08-23T20:09:00,289.8,289.9,289,289.2
2021-08-23T20:14:00,289.1,289.1,288.4,288.5
2021-08-23T20:19:00,288.4,289.3,288.4,288.6
2021-08-23T20:24:00,288.7,289,288.4,288.9
2021-08-23T20:34:00,289.4,289.4,288.8,289
2021-08-23T20:39:00,289.1,289.1,288.5,288.7
2021-08-23T20:44:00,288.7,288.8,287.5,287.7
2021-08-23T20:49:00,287.7,287.7,286.6,287.1
2021-08-23T20:54:00,287,287.4,286.1,287.2
2021-08-23T20:59:00,287.3,287.3,286.4,287.2
2021-08-23T21:04:00,287.2,287.3,286.8,286.8
2021-08-23T21:09:00,286.9,287.1,286.6,286.9
2021-08-23T21:14:00,287.2,287.8,287.2,287.5
2021-08-23T21:19:00,287.4,287.7,287.3,287.6
2021-08-23T21:24:00,287.6,288.3,287.5,288.1
2021-08-23T21:29:00,288.1,288.3,288,288.3
2021-08-23T21:34:00,288.3,289.3,288.3,288.8
2021-08-23T21:39:00,288.8,289.6,288.7,289.4
2021-08-23T21:44:00,289.5,289.5,289,289.2
2021-08-23T21:49:00,289.3,289.9,289.3,289.7
2021-08-23T21:54:00,289.7,290.3,289.7,289.8
2021-08-23T21:59:00,289.9,290.4,289.9,290
2021-08-23T22:04:00,290.1,290.7,290.1,290.3
2021-08-23T22:09:00,290.4,290.7,290.3,290.3
2021-08-23T22:14:00,290.3,290.7,290.3,290.3
2021-08-23T22:19:00,290.3,290.6,290.2,290.4
2021-08-23T22:24:00,290.4,290.4,290,290.1
2021-08-23T22:29:00,290.2,290.6,290.1,290.6
2021-08-23T22:34:00,290.5,290.5,290.2,290.2
2021-08-23T22:39:00,290.2,290.7,290.2,290.6
2021-08-23T22:44:00,290.6,291.3,290.6,290.7
2021-08-23T22:49:00,290.7,291.1,290.5,290.5
2021-08-23T22:59:00,290.5,291,290.3,290.8
2021-08-23T23:04:00,290.8,291.2,290.7,291
2021-08-23T23:09:00,291,291,290.2,290.5
2021-08-23T23:14:00,290.6,290.8,290.4,290.6
2021-08-23T23:19:00,290.7,291,290.5,290.9
2021-08-23T23:24:00,291.1,291.3,290.8,291.3
2021-08-23T23:29:00,291.3,291.7,291.2,291.5
2021-08-23T23:29:00,291.5,291.7,291.5,291.5
2021-08-23T23:29:00,291.5,291.7,291.5,291.5
2021-08-23T23:29:00,291.5,291.7,291.5,291.5
2021-08-23T23:29:00,291.5,291.7,291.5,291.5
2021-08-23T23:29:00,291.5,291.7,291.5,291.5
2021-08-23T23:29:00,291.5,291.7,291.5,291.5
2021-08-23T23:29:00,291.5,291.7,291.5,291.5
2021-08-23T23:29:00,291.5,291.7,291.5,291.5
2021-08-23T23:29:00,291.5,291.7,291.5,291.5
2021-08-23T23:29:00,291.5,291.7,291.5,291.5
2021-08-23T23:29:00,291.5,291.7,291.5,291.5
2021-08-23T23:29:00,291.5,291.7,291.5,291.5
2021-08-23T23:29:00,291.5,291.7,291.5,291.5
2021-08-23T23:29:00,291.5,291.7,291.5,291.5
2021-08-23T23:29:00,291.5,291.7,291.5,291.5
2021-08-23T23:29:00,291.5,291.7,291.5,291.5
2021-08-23T23:29:00,291.5,291.7,291.5,291.5
2021-08-23T23:29:00,291.5,291.7,291.5,291.5
2021-08-23T23:29:00,291.5,291.7,291.5,291.5
2021-08-23T23:29:00,291.5,291.7,291.5,291.5
2021-08-23T23:29:00,291.5,291.7,291.5,291.5
2021-08-23T23:29:00,291.5,291.7,291.5,291.5
2021-08-23T23:29:00,291.5,291.7,291.5,291.5
2021-08-23T23:29:00,291.5,291.7,291.5,291.5
2021-08-23T23:29:00,291.5,291.7,291.5,291.5
2021-08-23T23:29:00,291.5,291.7,291.5,291.5
2021-08-23T23:29:00,291.5,291.7,291.5,291.5
2021-08-23T23:29:00,291.5,291.7,291.5,291.5
2021-08-23T23:29:00,291.5,291.7,291.5,291.5
2021-08-23T23:29:00,291.5,291.7,291.5,291.5
2021-08-23T23:29:00,291.5,291.7,291.5,291.5
2021-08-23T23:29:00,291.5,291.7,291.5,291.5
2021-08-23T23:29:00,291.5,291.7,291.5,291.5
2021-08-23T23:29:00,291.5,291.7,291.5,291.5
2021-08-23T23:29:00,291.5,291.7,291.5,291.5
2021-08-23T23:29:00,291.5,291.7,291.5,291.5
2021-08-23T23:29:00,291.5,291.7,291.5,291.5
2021-08-23T23:29:00,291.5,291.7,291.5,291.5
2021-08-23T23:29:00,291.5,291.7,291.5,291.5
2021-08-23T23:29:00,291.5,291.7,291.5,291.5
2021-08-23T23:29:00,291.5,291.7,291.5,291.5
2021-08-23T23:29:00,291.5,291.7,291.5,291.5
2021-08-23T23:29:00,291.5,291.7,291.5,291.5
2021-08-23T23:29:00,291.5,291.7,291.5,291.5
2021-08-23T23:29:00,291.5,291.7,291.5,291.5
2021-08-23T23:29:00,291.5,291.7,291.5,291.5
2021-08-23T23:29:00,291.5,291.7,291.5,291.5
2021-08-23T23:29:00,291.5,291.7,291.5,291.5
2021-08-24T16:19:00,291.5,292.8,291.5,292.7
2021-08-24T16:24:00,292.7,293,292.6,292.9
2021-08-24T16:29:00,293,293.8,293,293.7
2021-08-24T16:34:00,293.3,293.6,293.3,293.3
2021-08-24T16:39:00,293.3,293.5,293.3,293.3
2021-08-24T16:44:00,293.3,293.4,293,293.4
2021-08-24T16:49:00,293.3,293.6,293.2,293.3
2021-08-24T16:54:00,293.5,294.5,293.5,293.8
2021-08-24T16:59:00,294.1,294.1,293.6,293.8
2021-08-24T17:04:00,293.8,294.4,293.8,294.1
2021-08-24T17:09:00,294.2,294.3,293.7,293.7
2021-08-24T17:14:00,293.6,293.7,292.9,292.9
2021-08-24T17:19:00,292.9,292.9,292.6,292.8
2021-08-24T17:24:00,292.8,292.8,291.4,291.7
2021-08-24T17:29:00,291.5,291.7,291.1,291.7
2021-08-24T17:34:00,291.5,292.3,290.6,291.9
2021-08-24T17:39:00,291.8,291.9,291.5,291.6
2021-08-24T17:44:00,291.8,292.5,291.8,292
2021-08-24T17:49:00,292.1,292.2,291.8,292
2021-08-24T17:54:00,292,292.8,292,292.7
2021-08-24T17:59:00,292.6,292.7,292.4,292.7
2021-08-24T18:04:00,292.7,292.8,292.4,292.6
2021-08-24T18:09:00,292.6,292.6,290.9,290.9
2021-08-24T18:14:00,290.9,290.9,290.1,290.4
2021-08-24T18:24:00,290,290.4,289.9,290.2
2021-08-24T18:29:00,290.2,290.5,290,290.5
2021-08-24T18:34:00,290.4,290.4,289.3,289.8
2021-08-24T18:39:00,289.7,290.8,289.7,290.6
2021-08-24T18:44:00,290.6,291.2,290.6,291
2021-08-24T18:49:00,291,292.2,290.9,291.9
2021-08-24T18:54:00,292.1,292.3,291.9,292.1
2021-08-24T18:59:00,291.9,291.9,290.3,290.4
2021-08-24T19:04:00,290.3,291,290.1,290.2
2021-08-24T19:09:00,290.2,290.6,289.8,290.5
2021-08-24T19:14:00,290.5,290.9,290.3,290.9
2021-08-24T19:19:00,290.8,290.8,290.2,290.5
2021-08-24T19:24:00,290.4,290.5,290.2,290.3
2021-08-24T19:29:00,290.3,290.3,288.9,289.2
2021-08-24T19:34:00,289.1,289.2,288.4,288.9
2021-08-24T19:39:00,289,289.7,289,289.6
2021-08-24T19:44:00,289.7,290,289.3,289.9
2021-08-24T19:49:00,289.7,289.9,289.5,289.7
2021-08-24T19:54:00,289.7,289.7,288.9,289.7
2021-08-24T19:59:00,289.5,290,289.5,289.7
2021-08-24T20:04:00,289.7,290.4,289.7,290.1
2021-08-24T20:09:00,290.2,290.3,289.8,290.2
2021-08-24T20:14:00,290.2,290.2,289.7,290.2
2021-08-24T20:19:00,289.9,290.2,289.9,290.2
2021-08-24T20:24:00,290.1,290.8,290.1,290.5
2021-08-24T20:29:00,290.5,290.8,290.3,290.3
2021-08-24T20:34:00,290.3,290.5,290.2,290.5
2021-08-24T20:39:00,290.5,290.6,289.9,289.9
2021-08-24T20:44:00,290,290.3,289.7,290.3
2021-08-24T20:49:00,290.2,290.4,290,290.1
2021-08-24T20:54:00,290,290.4,290,290.4
2021-08-24T20:59:00,290.5,290.7,290.2,290.2
2021-08-24T21:04:00,290.2,290.9,290.2,290.5
2021-08-24T21:09:00,290.6,290.8,290.5,290.6
2021-08-24T21:14:00,290.6,290.9,290.5,290.9
2021-08-24T21:19:00,291,291,290.7,290.9
2021-08-24T21:24:00,290.8,291.2,290.8,291
2021-08-24T21:29:00,291,291,290.4,290.5
2021-08-24T21:34:00,290.5,290.7,290.3,290.7
2021-08-24T21:39:00,290.5,291,290.5,290.6
2021-08-24T21:44:00,290.6,290.8,290.4,290.7
2021-08-24T21:49:00,290.7,290.8,290.6,290.6
2021-08-24T21:54:00,290.5,290.7,290.5,290.5
2021-08-24T21:59:00,290.5,290.5,290.4,290.4
2021-08-24T22:04:00,290.5,290.5,289.8,289.9
2021-08-24T22:09:00,290,290.1,289.3,289.9
2021-08-24T22:14:00,290,290,289.2,289.3
2021-08-24T22:19:00,289.3,289.6,289.3,289.5
2021-08-24T22:24:00,289.4,289.8,289.4,289.4
2021-08-24T22:29:00,289.4,289.4,288.8,289.3
2021-08-24T22:34:00,289.2,289.7,289.2,289.2
2021-08-24T22:39:00,289.3,289.5,288.9,289
2021-08-24T22:44:00,289.1,289.2,288.7,288.9
2021-08-24T22:49:00,288.9,288.9,288.5,288.6
2021-08-24T22:54:00,288.7,289.2,288.3,288.9
2021-08-24T22:59:00,288.8,289.1,288.7,288.7
2021-08-24T23:04:00,288.8,288.8,288.5,288.5
2021-08-24T23:09:00,288.3,288.6,288.3,288.4
2021-08-24T23:14:00,288.4,289,288.4,288.9
2021-08-24T23:19:00,288.8,289.5,288.8,289.1
