Index,Open,High,Low,Close
2021-08-11T14:19:00,1440.4,1440.4,1439.8,1440.3
2021-08-11T14:24:00,1439.8,1440.4,1439.8,1440.3
2021-08-11T14:29:00,1440.5,1440.5,1440.2,1440.5
2021-08-11T14:33:00,1440.4,1441.2,1440.4,1440.5
2021-08-11T14:36:00,1439.7,1439.9,1439.5,1439.5
2021-08-11T14:44:00,1439.1,1440.4,1439.1,1439.5
2021-08-11T15:49:00,1441,1441,1439.7,1440
2021-08-11T15:54:00,1440,1440.7,1440,1440.3
2021-08-11T15:59:00,1440.7,1441,1440.6,1441
2021-08-11T16:04:00,1441,1441.4,1440.6,1440.6
2021-08-11T16:09:00,1441,1441.5,1440.7,1441.5
2021-08-11T16:14:00,1441.5,1442,1440.8,1442
2021-08-11T16:19:00,1442,1442,1441.6,1441.7
2021-08-11T16:24:00,1441.3,1443.5,1441.1,1443.5
2021-08-11T16:29:00,1443.5,1444.9,1442.7,1442.9
2021-08-11T16:34:00,1442.7,1443.1,1442.5,1442.9
2021-08-11T16:39:00,1442.8,1443.4,1442,1442.6
2021-08-11T16:44:00,1442.7,1443.3,1442.7,1442.8
2021-08-11T16:49:00,1443,1444.2,1443,1443.4
2021-08-11T16:54:00,1443.4,1443.4,1442.1,1442.1
2021-08-11T16:59:00,1442.1,1442.1,1441.3,1441.4
2021-08-11T17:04:00,1441.5,1442.1,1440,1440
2021-08-11T17:09:00,1440.4,1442.5,1440.4,1442.5
2021-08-11T17:13:00,1442.2,1442.9,1442.2,1442.5
2021-08-11T17:19:00,1443,1443.3,1442.2,1442.4
2021-08-11T17:24:00,1442.1,1442.6,1441.8,1441.9
2021-08-11T17:29:00,1442.1,1443.2,1441.4,1442.2
2021-08-11T17:34:00,1442.1,1444,1442.1,1443
2021-08-11T17:39:00,1442.8,1443.4,1442,1443
2021-08-11T17:44:00,1443.2,1443.5,1443.2,1443.5
2021-08-11T17:49:00,1443.1,1443.1,1442.5,1443
2021-08-11T17:54:00,1442.2,1442.4,1442,1442
2021-08-11T17:59:00,1442.3,1442.3,1440.9,1441.3
2021-08-11T18:04:00,1442,1444.4,1442,1442.7
2021-08-11T18:09:00,1443.9,1446.4,1443.2,1445.9
2021-08-11T18:14:00,1445.6,1447.3,1445.6,1445.6
2021-08-11T18:19:00,1445.6,1446.2,1444.5,1445.6
2021-08-11T18:24:00,1445.6,1446.6,1445,1445
2021-08-11T18:29:00,1445.1,1445.1,1444,1444.9
2021-08-11T19:34:00,1453,1455.4,1453,1453.4
2021-08-11T19:39:00,1454,1457,1454,1456.1
2021-08-11T19:44:00,1456.4,1460.8,1456.4,1460.6
2021-08-11T19:49:00,1460.7,1461.9,1459,1459.6
2021-08-11T19:54:00,1459.5,1463,1459.5,1463
2021-08-11T19:59:00,1463,1463,1461.4,1461.6
2021-08-11T20:04:00,1461.7,1462.7,1460.4,1460.4
2021-08-11T20:09:00,1460.6,1461.3,1458.6,1458.7
2021-08-11T20:14:00,1458.8,1464.8,1458.8,1464
2021-08-11T20:19:00,1463.7,1466.2,1463.7,1465.5
2021-08-11T20:24:00,1465.5,1465.5,1464.1,1465
2021-08-11T20:39:00,1464.3,1465.7,1463.7,1463.7
2021-08-11T20:54:00,1463,1466,1463,1466
2021-08-11T20:59:00,1465.7,1467.6,1465.6,1466.9
2021-08-11T21:04:00,1467,1467.9,1466.4,1467.7
2021-08-11T21:09:00,1467.6,1467.8,1466.1,1466.1
2021-08-11T21:14:00,1466.3,1467.8,1466.3,1467.7
2021-08-11T21:19:00,1467.5,1468.6,1467.5,1468.4
2021-08-11T21:24:00,1468.5,1469.3,1467.1,1468.5
2021-08-11T21:29:00,1468.9,1469.9,1468,1468.5
2021-08-11T21:34:00,1468.8,1469.3,1468.2,1469
2021-08-11T21:39:00,1469.6,1470,1468.6,1468.6
2021-08-11T21:44:00,1468.7,1468.8,1468.2,1468.6
2021-08-11T21:49:00,1468.6,1469.3,1468.6,1469.2
2021-08-11T21:54:00,1469.2,1470.9,1469.1,1470.6
2021-08-11T21:59:00,1470.5,1470.5,1469.2,1469.5
2021-08-11T22:04:00,1469.9,1470.4,1469.7,1469.7
2021-08-11T22:33:00,1470.1,1477.5,1470.1,1476.6
2021-08-11T22:39:00,1477,1477.4,1475.7,1476.4
2021-08-11T22:44:00,1476.8,1476.9,1476,1476.3
2021-08-11T22:48:00,1476.5,1476.6,1476.1,1476.2
2021-08-11T22:54:00,1476.3,1476.3,1475.2,1475.2
2021-08-11T22:59:00,1475.3,1475.8,1475.2,1475.2
2021-08-11T23:04:00,1475.3,1475.6,1474.7,1475
2021-08-11T23:09:00,1475,1475,1472.4,1473.4
2021-08-11T23:14:00,1473.8,1473.8,1472,1473
2021-08-11T23:19:00,1472.3,1475.3,1472.3,1474.7
2021-08-11T23:24:00,1474.7,1475.2,1472.2,1472.7
2021-08-11T23:29:00,1472.8,1473.8,1471.8,1473.8
2021-08-11T23:29:00,1472.2,1473.8,1472,1473.8
2021-08-11T23:29:00,1472.2,1473.8,1472,1473.8
2021-08-12T11:04:00,1472.2,1496.2,1472.2,1496.2
2021-08-12T11:09:00,1495.7,1495.7,1493.4,1495.5
2021-08-12T11:14:00,1494.8,1495,1491.1,1491.1
2021-08-12T11:19:00,1491.4,1494.4,1491.4,1493.5
2021-08-12T11:24:00,1493.6,1493.9,1492.5,1492.8
2021-08-12T11:29:00,1493.1,1493.1,1486.3,1487.4
2021-08-12T11:34:00,1487.6,1490,1487.6,1489.1
2021-08-12T11:39:00,1489,1489.3,1487,1488.3
2021-08-12T11:44:00,1489,1490.8,1488.9,1489.6
2021-08-12T11:49:00,1488.7,1489.7,1488.5,1489
2021-08-12T11:54:00,1488.9,1491.5,1488.9,1490
2021-08-12T11:59:00,1489.8,1492.7,1489.8,1492.7
2021-08-12T12:04:00,1492.5,1494.4,1492.5,1493.6
2021-08-12T12:09:00,1494,1494,1491.7,1491.7
2021-08-12T12:14:00,1491.7,1491.7,1490.2,1491.6
2021-08-12T12:19:00,1491.8,1494,1491.8,1493.3
2021-08-12T12:22:00,1492.4,1492.4,1490.7,1490.7
2021-08-12T12:29:00,1490.2,1491,1489.5,1490.9
2021-08-12T13:22:00,1492.9,1493.2,1492.7,1493.1
2021-08-12T13:29:00,1493.2,1493.2,1492.2,1492.2
2021-08-12T13:34:00,1492,1492.2,1491.2,1492
2021-08-12T13:39:00,1492.1,1492.5,1492.1,1492.5
2021-08-12T13:44:00,1492.5,1493.1,1492.5,1492.8
2021-08-12T13:49:00,1492.6,1492.7,1492,1492.3
2021-08-12T13:54:00,1492.3,1493.5,1492.3,1493.5
2021-08-12T13:59:00,1493.5,1494,1493.5,1493.8
2021-08-12T14:04:00,1494,1494,1492.8,1493
2021-08-12T14:09:00,1493,1493.6,1492.8,1493.5
2021-08-12T14:14:00,1493.6,1493.6,1491.6,1492.5
2021-08-12T14:19:00,1492.5,1492.5,1491.9,1492.3
2021-08-12T14:24:00,1492.5,1492.5,1490.5,1490.8
2021-08-12T14:28:00,1491,1492.5,1491,1491.5
2021-08-12T14:34:00,1491.8,1491.8,1490.7,1490.7
2021-08-12T14:38:00,1490.7,1491.8,1490.7,1491.7
2021-08-12T14:44:00,1491,1492,1490.8,1490.8
2021-08-12T14:49:00,1491.2,1493,1491.2,1492.5
2021-08-12T14:53:00,1493,1493.6,1493,1493.4
2021-08-12T14:59:00,1493.4,1493.4,1492.5,1492.8
2021-08-12T15:00:00,1492.9,1492.9,1492.9,1492.9
2021-08-12T15:09:00,1492.9,1492.9,1492.4,1492.8
2021-08-12T15:13:00,1492.8,1493.3,1492.5,1493.2
2021-08-12T15:19:00,1493,1493,1492.7,1492.7
2021-08-12T15:24:00,1492.7,1492.8,1492.2,1492.2
2021-08-12T15:29:00,1491.7,1491.7,1491,1491.3
2021-08-12T15:34:00,1491,1491.9,1490.8,1491.9
2021-08-12T15:39:00,1491.9,1491.9,1491.2,1491.2
2021-08-12T15:44:00,1491.2,1491.8,1491,1491.1
2021-08-12T15:48:00,1490.9,1490.9,1490,1490.3
2021-08-12T15:54:00,1490.3,1490.3,1489.6,1489.9
2021-08-12T15:59:00,1489.8,1489.8,1488,1489.2
2021-08-12T16:04:00,1489.1,1490,1489.1,1489.5
2021-08-12T16:07:00,1489.5,1489.5,1489.2,1489.2
2021-08-12T16:14:00,1489.5,1489.6,1489.5,1489.5
2021-08-12T16:19:00,1489.5,1489.5,1488.7,1488.7
2021-08-12T16:24:00,1489.5,1489.6,1489.5,1489.5
2021-08-12T16:29:00,1489.9,1489.9,1488.5,1489
2021-08-12T16:34:00,1488.5,1489,1488.3,1488.5
2021-08-12T16:39:00,1488.5,1488.5,1487,1487.9
2021-08-12T16:44:00,1487.6,1487.6,1483.7,1483.7
2021-08-12T16:49:00,1483.7,1486.3,1483.7,1486.1
2021-08-12T16:54:00,1486.1,1486.1,1484.9,1485
2021-08-12T16:59:00,1485,1486.1,1485,1486
2021-08-12T17:04:00,1485.5,1485.5,1484.4,1484.7
2021-08-12T17:09:00,1485,1486,1485,1486
2021-08-12T17:14:00,1485.6,1486.1,1485.3,1486
2021-08-12T17:19:00,1486,1486.1,1485.4,1485.7
2021-08-12T17:24:00,1485.8,1486.2,1485.3,1485.6
2021-08-12T17:29:00,1485.5,1486.1,1483,1483.1
2021-08-12T17:34:00,1483.5,1483.5,1481.3,1481.3
2021-08-12T17:39:00,1482,1482.4,1480.6,1481.4
2021-08-12T17:44:00,1481.4,1482,1480.5,1482
2021-08-12T17:49:00,1481.9,1481.9,1480.3,1481.4
2021-08-12T17:54:00,1481.4,1483.3,1481.4,1483
2021-08-12T17:59:00,1483,1485.1,1482.5,1484.8
2021-08-12T18:04:00,1484.5,1486,1484,1485.7
2021-08-12T18:09:00,1485.5,1487.3,1485.5,1486.6
2021-08-12T18:14:00,1486.5,1487.4,1486.5,1486.5
2021-08-12T18:19:00,1486.4,1487.3,1486.4,1486.8
2021-08-12T18:24:00,1486.8,1488,1486.8,1488
2021-08-12T18:29:00,1488.1,1489.1,1487,1487.5
2021-08-12T18:34:00,1487.1,1487.7,1484,1486.3
2021-08-12T18:39:00,1484.1,1485.3,1482.8,1483.4
2021-08-12T18:44:00,1483.2,1487,1483.2,1485.8
2021-08-12T18:49:00,1485.6,1487.5,1484.2,1484.5
2021-08-12T18:54:00,1484.2,1485.5,1483.5,1484.2
2021-08-12T18:59:00,1484.5,1485.3,1483.7,1484.8
2021-08-12T19:09:00,1484.2,1484.2,1479.4,1482
2021-08-12T19:14:00,1482,1482.2,1480.7,1482.1
2021-08-12T19:19:00,1481.1,1481.1,1479.6,1480
2021-08-12T19:24:00,1479.7,1480.3,1479.3,1479.7
2021-08-12T19:29:00,1480,1484,1480,1483.2
2021-08-12T19:34:00,1483.2,1485.8,1483,1485.3
2021-08-12T19:39:00,1484.9,1488.1,1484.9,1487.2
2021-08-12T19:44:00,1487.8,1488,1486,1488
2021-08-12T22:49:00,1487.2,1493.3,1487.2,1488
2021-08-12T22:54:00,1488,1488.7,1487.6,1488.7
2021-08-12T22:59:00,1489,1489.6,1488.8,1489.6
2021-08-12T23:04:00,1489.6,1490,1489.3,1489.6
2021-08-12T23:09:00,1489.9,1491.5,1489.8,1491
2021-08-12T23:14:00,1491.6,1492.3,1491.5,1492.2
2021-08-12T23:19:00,1491.9,1492.2,1491.2,1491.9
2021-08-12T23:24:00,1492,1492.1,1491,1491
2021-08-12T23:28:00,1491.3,1491.3,1490.7,1491.2
2021-08-12T23:29:00,1491.2,1491.6,1491.2,1491.6
2021-08-12T23:29:00,1491.2,1491.6,1491.2,1491.6
2021-08-12T23:29:00,1491.2,1491.6,1491.2,1491.6
2021-08-12T23:29:00,1491.2,1491.6,1491.2,1491.6
2021-08-12T23:29:00,1491.2,1491.6,1491.2,1491.6
2021-08-12T23:29:00,1491.2,1491.6,1491.2,1491.6
2021-08-12T23:29:00,1491.2,1491.6,1491.2,1491.6
2021-08-12T23:29:00,1491.2,1491.6,1491.2,1491.6
2021-08-12T23:29:00,1491.2,1491.6,1491.2,1491.6
2021-08-13T10:24:00,1491.2,1491.6,1484.9,1485
2021-08-13T10:34:00,1484.9,1485,1484.9,1484.9
2021-08-13T10:38:00,1484.9,1486,1484.9,1485.8
2021-08-13T10:44:00,1485.9,1486.4,1485.9,1486
2021-08-13T10:46:00,1486.1,1486.4,1486.1,1486.2
2021-08-13T10:54:00,1486.4,1486.6,1485.2,1486
2021-08-13T10:59:00,1485.8,1486.2,1485.4,1485.4
2021-08-13T11:04:00,1485.5,1488,1484.2,1486.6
2021-08-13T11:09:00,1486.2,1488.3,1486.2,1487.2
2021-08-13T19:14:00,1487.5,1490.8,1486.6,1490.2
2021-08-13T19:19:00,1491,1492.6,1490.4,1490.6
2021-08-13T19:24:00,1490.5,1491.3,1488.9,1488.9
2021-08-13T19:29:00,1489.6,1491.8,1489.6,1491.3
2021-08-13T19:34:00,1491.8,1491.8,1489.8,1490.4
2021-08-13T19:39:00,1490.5,1492.1,1490.5,1491.9
2021-08-13T19:44:00,1491.8,1493.7,1491.8,1493.3
2021-08-13T20:09:00,1493.5,1494,1492.8,1493.7
2021-08-13T20:14:00,1493.2,1493.2,1491.1,1491.3
2021-08-13T20:19:00,1492,1492,1491.3,1491.5
2021-08-13T20:24:00,1490.8,1492.8,1489.2,1491.9
2021-08-13T20:29:00,1491.8,1492.3,1490.7,1491.9
2021-08-13T20:34:00,1490.6,1491.6,1490.2,1491.5
2021-08-13T20:39:00,1491.3,1491.3,1490.2,1490.5
2021-08-13T20:44:00,1489.8,1489.8,1487.2,1489
2021-08-13T20:49:00,1488.2,1488.2,1485,1485.3
2021-08-13T20:54:00,1485.2,1487.8,1484.5,1486.1
2021-08-13T20:59:00,1486.2,1487.4,1485.2,1485.7
2021-08-13T21:04:00,1486.2,1487.1,1485.9,1486.2
2021-08-13T21:09:00,1486.2,1487,1484.6,1486
2021-08-13T21:14:00,1485.5,1486.2,1485.1,1485.5
2021-08-13T21:19:00,1485.9,1485.9,1485.1,1485.3
2021-08-13T21:24:00,1484.8,1485.9,1484.8,1485.6
2021-08-13T21:29:00,1485.9,1488.5,1485.9,1487.4
2021-08-13T21:33:00,1487.3,1487.3,1486.5,1487.1
2021-08-13T21:39:00,1487.2,1487.2,1485.8,1486.3
2021-08-13T21:44:00,1486.4,1487.8,1486.4,1487.7
2021-08-13T21:49:00,1487.6,1487.9,1487.4,1487.5
2021-08-13T21:54:00,1487.4,1489.6,1487.4,1489.1
2021-08-13T21:59:00,1489.1,1490.5,1489.1,1489.7
2021-08-13T22:04:00,1490.4,1490.7,1489.7,1490
2021-08-13T22:09:00,1490.4,1490.4,1489.6,1489.6
2021-08-13T22:13:00,1490,1490.5,1490,1490.5
2021-08-13T22:19:00,1489.9,1490.3,1489.8,1490
2021-08-13T22:22:00,1489.9,1489.9,1489.4,1489.8
2021-08-13T22:29:00,1489.6,1489.6,1488,1489.3
2021-08-13T22:34:00,1489.2,1489.4,1488.7,1489
2021-08-13T22:39:00,1488.8,1489,1488.8,1489
2021-08-13T22:44:00,1489,1489.5,1488.7,1488.7
2021-08-13T22:49:00,1488.5,1488.8,1488.5,1488.8
2021-08-13T22:54:00,1488.1,1488.7,1488.1,1488.5
2021-08-13T22:59:00,1488.5,1488.5,1488,1488
2021-08-13T23:03:00,1488.1,1489.4,1488.1,1489.2
2021-08-13T23:09:00,1489,1489.2,1488.4,1488.6
2021-08-13T23:14:00,1489,1489,1488.4,1488.6
2021-08-13T23:19:00,1488.9,1489.9,1488.9,1489.2
2021-08-13T23:29:00,1489.3,1489.9,1489.1,1489.9
2021-08-13T23:29:00,1489.8,1489.9,1489.3,1489.9
2021-08-13T23:29:00,1489.8,1489.9,1489.3,1489.9
2021-08-13T23:29:00,1489.8,1489.9,1489.3,1489.9
2021-08-13T23:29:00,1489.8,1489.9,1489.3,1489.9
2021-08-13T23:29:00,1489.8,1489.9,1489.3,1489.9
2021-08-13T23:29:00,1489.8,1489.9,1489.3,1489.9
2021-08-13T23:29:00,1489.8,1489.9,1489.3,1489.9
2021-08-13T23:29:00,1489.8,1489.9,1489.3,1489.9
2021-08-16T10:39:00,1487.2,1487.2,1487.2,1487.2
2021-08-16T10:44:00,1487.2,1487.2,1486.3,1486.3
2021-08-16T10:49:00,1486.3,1486.3,1485.4,1485.5
2021-08-16T10:54:00,1485.5,1485.5,1484.7,1484.7
2021-08-16T10:59:00,1484.5,1485.5,1484,1485.5
2021-08-16T11:04:00,1485,1486.4,1483.9,1484.6
2021-08-16T11:09:00,1484.5,1486,1484.3,1484.3
2021-08-16T11:14:00,1484.7,1485,1482.2,1482.5
2021-08-16T11:19:00,1482.7,1483.7,1481.9,1482.7
2021-08-16T11:24:00,1482.4,1483.7,1482.4,1483.2
2021-08-16T11:29:00,1483.2,1483.2,1482,1482
2021-08-16T11:34:00,1482,1483,1481.5,1481.7
2021-08-16T11:39:00,1481.8,1482,1478.1,1478.8
2021-08-16T11:44:00,1478.4,1480.1,1478.1,1479
2021-08-16T11:49:00,1479.4,1481.4,1479.1,1481.4
2021-08-16T11:54:00,1481.1,1483,1481,1482
2021-08-16T11:59:00,1482.2,1482.3,1481.5,1481.5
2021-08-16T12:04:00,1481.3,1483,1481,1481.4
2021-08-16T12:09:00,1481.5,1483.7,1481.4,1483.1
2021-08-16T12:14:00,1484.5,1486.3,1483.4,1484
2021-08-16T12:19:00,1484,1484.1,1482.5,1483.5
2021-08-16T12:24:00,1483.1,1483.2,1481.3,1481.3
2021-08-16T12:29:00,1481.3,1481.3,1480.3,1480.3
2021-08-16T12:34:00,1480.7,1482.7,1478.6,1480.8
2021-08-16T12:39:00,1480.3,1480.4,1478.7,1479.7
2021-08-16T12:44:00,1480,1480.2,1479.5,1479.7
2021-08-16T12:49:00,1479.7,1481.3,1479.7,1480.5
2021-08-16T12:54:00,1481,1481.8,1480.2,1480.5
2021-08-16T12:59:00,1480.1,1480.1,1479.1,1479.5
2021-08-16T13:04:00,1480,1480.4,1479.7,1479.7
2021-08-16T13:09:00,1479.6,1480.5,1479.6,1480.5
2021-08-16T13:12:00,1480.5,1480.5,1480,1480.4
2021-08-16T13:19:00,1480.5,1480.5,1479.8,1479.8
2021-08-16T13:24:00,1479.6,1479.6,1479,1479
2021-08-16T13:29:00,1479.1,1480.1,1477.6,1480.1
2021-08-16T13:34:00,1479.2,1480.7,1479.2,1480.5
2021-08-16T13:39:00,1480.2,1481.8,1480.2,1481.8
2021-08-16T13:43:00,1481.6,1481.6,1480.8,1480.8
2021-08-16T13:49:00,1480.5,1481.6,1480.5,1481.4
2021-08-16T13:54:00,1481.5,1482.5,1481.5,1482.2
2021-08-16T13:59:00,1482.5,1482.7,1481.8,1481.8
2021-08-16T14:03:00,1481.6,1481.6,1480,1480.8
2021-08-16T14:09:00,1481,1481.8,1481,1481.5
2021-08-16T14:14:00,1481.2,1483,1481.2,1482.9
2021-08-16T14:19:00,1482.7,1486.3,1482.7,1485.9
2021-08-16T14:24:00,1486.2,1486.2,1484.7,1484.7
2021-08-16T14:29:00,1484.7,1484.7,1484.3,1484.4
2021-08-16T14:34:00,1484.9,1484.9,1484.3,1484.3
2021-08-16T14:39:00,1485,1485.4,1485,1485
2021-08-16T14:44:00,1485,1485.1,1485,1485
2021-08-16T14:49:00,1485,1485,1484.3,1484.3
2021-08-16T14:54:00,1484.3,1484.4,1483.8,1483.8
2021-08-16T14:54:00,1483.8,1483.8,1483.8,1483.8
2021-08-16T15:04:00,1483.7,1483.7,1482.2,1482.8
2021-08-16T15:09:00,1482.6,1483.2,1482.6,1483
2021-08-16T15:13:00,1483.5,1484,1483.5,1483.8
2021-08-16T15:19:00,1483.5,1483.9,1483.5,1483.9
2021-08-16T15:24:00,1483.8,1483.9,1483.7,1483.9
2021-08-16T15:29:00,1483.9,1484.6,1483.9,1483.9
2021-08-16T15:34:00,1483.5,1483.6,1483.1,1483.3
2021-08-16T15:37:00,1483.3,1483.7,1482.1,1483.3
2021-08-16T15:44:00,1483.7,1483.7,1483.6,1483.6
2021-08-16T15:49:00,1483.1,1483.8,1483,1483.8
2021-08-16T15:54:00,1483.7,1483.8,1481.6,1482.1
2021-08-16T15:59:00,1482.3,1482.7,1482.3,1482.5
2021-08-16T16:04:00,1482.4,1482.6,1482.1,1482.6
2021-08-16T16:09:00,1482.1,1482.6,1482.1,1482.1
2021-08-16T16:14:00,1482.1,1482.5,1481.4,1481.4
2021-08-16T16:19:00,1481.4,1481.4,1480.5,1480.9
2021-08-16T16:24:00,1480.5,1480.8,1480.4,1480.7
2021-08-16T16:29:00,1480.7,1481,1480.5,1481
2021-08-16T16:34:00,1481.4,1481.5,1480.9,1481.4
2021-08-16T16:38:00,1481.6,1481.6,1481.4,1481.4
2021-08-16T16:43:00,1481.4,1481.4,1481,1481
2021-08-16T16:49:00,1481.2,1481.7,1481.2,1481.7
2021-08-16T16:54:00,1481.3,1481.3,1480,1480.6
2021-08-16T16:59:00,1480.5,1481.3,1480.5,1481.3
2021-08-16T17:04:00,1481.3,1481.6,1480.5,1481.6
2021-08-16T17:09:00,1481.7,1482.5,1481.7,1482.5
2021-08-16T17:13:00,1482.4,1482.4,1481.7,1481.9
2021-08-16T17:18:00,1481.9,1481.9,1481.2,1481.9
2021-08-16T17:24:00,1482,1482.5,1481.6,1482.5
2021-08-16T17:29:00,1482.5,1483.3,1482.4,1482.5
2021-08-16T17:34:00,1482.3,1482.3,1478.3,1479.4
2021-08-16T17:39:00,1479.1,1481.5,1479.1,1480.8
2021-08-16T17:44:00,1481.5,1483,1481.5,1482.4
2021-08-16T17:49:00,1482.3,1482.5,1480.9,1481
2021-08-16T17:54:00,1481,1482,1481,1481.9
2021-08-16T17:59:00,1481.9,1482.5,1481.9,1482.5
2021-08-16T18:04:00,1483.1,1483.1,1482.5,1482.8
2021-08-16T18:09:00,1483.3,1483.7,1482.8,1483.7
2021-08-16T18:14:00,1483.7,1484.3,1483.7,1483.9
2021-08-16T18:24:00,1483.8,1484.1,1482.3,1482.3
2021-08-16T18:29:00,1482.8,1482.8,1482.2,1482.7
2021-08-16T18:34:00,1481.5,1482.4,1480,1482.4
2021-08-16T18:39:00,1482.8,1482.8,1479.6,1482.4
2021-08-16T18:44:00,1482.9,1486.7,1482.9,1486.7
2021-08-16T18:49:00,1486.3,1487.8,1485.8,1486.7
2021-08-16T18:54:00,1486.9,1486.9,1485.4,1486.1
2021-08-16T18:59:00,1486.5,1487,1486.2,1486.5
2021-08-16T19:04:00,1486,1486,1481.1,1481.6
2021-08-16T19:09:00,1481.3,1484.1,1481.3,1483.5
2021-08-16T19:14:00,1484,1484,1482.5,1484
2021-08-16T19:19:00,1484.7,1484.7,1482.9,1482.9
2021-08-16T19:24:00,1482.5,1483.2,1480.5,1481
2021-08-16T19:29:00,1481,1481,1476.1,1478
2021-08-16T19:34:00,1477.9,1479.2,1477.6,1478.9
2021-08-16T19:39:00,1478.7,1479.6,1477,1477
2021-08-16T19:44:00,1477.1,1481,1477.1,1480.7
2021-08-16T19:49:00,1480.9,1482.1,1478.4,1478.5
2021-08-16T19:54:00,1478.3,1479.1,1477,1477.5
2021-08-16T19:59:00,1477.2,1477.4,1475.5,1475.6
2021-08-16T20:04:00,1475,1477,1474.7,1476.4
2021-08-16T20:09:00,1476.2,1479,1476.2,1478.5
2021-08-16T20:14:00,1478.5,1478.5,1476,1476.8
2021-08-16T20:19:00,1476.1,1477,1476.1,1477
2021-08-16T20:24:00,1477,1478.4,1477,1477
2021-08-16T20:29:00,1476.7,1477.1,1476.2,1476.8
2021-08-16T20:34:00,1477.4,1478.5,1477,1477
2021-08-16T20:39:00,1478.1,1478.1,1476.8,1476.8
2021-08-16T20:44:00,1477,1477.1,1476.2,1477.1
2021-08-16T20:49:00,1477.7,1477.7,1476.9,1476.9
2021-08-16T20:54:00,1477,1477.1,1476.4,1477
2021-08-16T20:58:00,1477.2,1478,1477.2,1477.3
2021-08-16T21:04:00,1477.4,1477.8,1477,1477.8
2021-08-16T21:09:00,1477.8,1478.3,1477.5,1478
2021-08-16T21:14:00,1478,1479.5,1478,1478.9
2021-08-16T21:19:00,1478.7,1478.8,1478,1478.1
2021-08-16T21:24:00,1478.5,1478.7,1477.6,1477.6
2021-08-16T21:29:00,1477.9,1478.4,1477.9,1478.3
2021-08-16T21:34:00,1478.3,1478.3,1478,1478
2021-08-16T21:39:00,1478,1479.1,1478,1478
2021-08-16T21:43:00,1478.1,1478.1,1478,1478
2021-08-16T22:14:00,1478,1480.8,1478,1480.5
2021-08-16T22:19:00,1480.3,1482.6,1480.3,1482.6
2021-08-16T22:24:00,1482.6,1483,1482.3,1482.7
2021-08-16T22:29:00,1482.7,1482.8,1481.9,1481.9
2021-08-16T22:34:00,1481.8,1482.2,1481.6,1482.2
2021-08-16T22:39:00,1482.4,1482.4,1481.6,1481.6
2021-08-16T22:44:00,1481.6,1482,1481.5,1481.8
2021-08-16T22:49:00,1481.8,1482.4,1481.8,1482.4
2021-08-16T22:52:00,1481.9,1482,1481.9,1482
2021-08-16T22:59:00,1482,1482,1481.6,1481.6
2021-08-16T23:04:00,1481.3,1482.1,1481.2,1481.9
2021-08-16T23:09:00,1482,1482.7,1482,1482.1
2021-08-16T23:14:00,1482.8,1484,1482.7,1484
2021-08-16T23:19:00,1484,1485.3,1483.8,1485
2021-08-16T23:24:00,1485.1,1485.1,1484,1484.6
2021-08-16T23:29:00,1484.8,1484.8,1482.8,1482.8
2021-08-16T23:29:00,1484.5,1484.6,1482.8,1482.8
2021-08-16T23:29:00,1484.5,1484.6,1482.8,1482.8
2021-08-16T23:29:00,1484.5,1484.6,1482.8,1482.8
2021-08-16T23:29:00,1484.5,1484.6,1482.8,1482.8
2021-08-16T23:29:00,1484.5,1484.6,1482.8,1482.8
2021-08-16T23:29:00,1484.5,1484.6,1482.8,1482.8
2021-08-16T23:29:00,1484.5,1484.6,1482.8,1482.8
2021-08-17T11:24:00,1484.5,1484.6,1482.3,1482.5
2021-08-17T11:29:00,1483.5,1483.9,1482.2,1483.9
2021-08-17T11:34:00,1483.4,1484.2,1483.3,1483.4
2021-08-17T11:39:00,1484,1485,1484,1484.2
2021-08-17T11:44:00,1484.7,1484.7,1483.1,1483.6
2021-08-17T11:49:00,1483.7,1485,1483.7,1484.2
2021-08-17T11:54:00,1484.4,1485.4,1483.5,1483.5
2021-08-17T11:59:00,1483.5,1484,1482.2,1484
2021-08-17T12:04:00,1483.5,1484,1482.6,1482.8
2021-08-17T12:09:00,1483,1483,1480,1481.4
2021-08-17T12:14:00,1482.2,1482.5,1481.2,1481.5
2021-08-17T12:19:00,1482.4,1482.4,1478.5,1480.6
2021-08-17T12:23:00,1480.5,1480.5,1479,1480.4
2021-08-17T12:29:00,1480.1,1480.7,1479.7,1480.5
2021-08-17T12:34:00,1482,1482,1480.7,1482
2021-08-17T12:39:00,1481.6,1482.6,1481.5,1481.9
2021-08-17T12:44:00,1481.5,1481.5,1478.5,1480
2021-08-17T12:54:00,1481.3,1483,1481.3,1482.9
2021-08-17T12:59:00,1482.5,1482.8,1482,1482
2021-08-17T13:04:00,1482.8,1483.5,1482.4,1483.5
2021-08-17T13:07:00,1483,1483.5,1482.1,1483.1
2021-08-17T13:14:00,1482.5,1482.9,1482.4,1482.4
2021-08-17T13:18:00,1481.8,1481.8,1480.6,1481
2021-08-17T13:23:00,1481.5,1482,1481.5,1482
2021-08-17T13:29:00,1482,1482,1481,1482
2021-08-17T13:34:00,1481.5,1483,1481.5,1482.8
2021-08-17T13:39:00,1482.8,1483.5,1482.5,1483.2
2021-08-17T13:44:00,1483.3,1484.6,1483.3,1484
2021-08-17T13:49:00,1484,1484.8,1484,1484
2021-08-17T13:54:00,1483.7,1483.7,1483.1,1483.1
2021-08-17T13:59:00,1483.7,1484,1483.5,1484
2021-08-17T14:04:00,1484,1484.5,1483.5,1483.5
2021-08-17T14:09:00,1483.5,1484.5,1483.5,1484.5
2021-08-17T14:12:00,1483.9,1484.6,1483.9,1484.6
2021-08-17T14:19:00,1484,1484,1483,1483.4
2021-08-17T14:24:00,1483,1483.2,1482.9,1483
2021-08-17T14:29:00,1483,1484,1483,1484
2021-08-17T14:36:00,1482.7,1482.8,1482.7,1482.8
2021-08-17T14:44:00,1483,1483.5,1482.8,1483.5
2021-08-17T14:49:00,1482.8,1483.4,1482.3,1483.4
2021-08-17T14:59:00,1482.6,1483.4,1482.6,1483
2021-08-17T15:03:00,1483,1483,1482.7,1482.7
2021-08-17T15:08:00,1482.7,1483,1482.7,1483
2021-08-17T15:14:00,1483,1483.2,1482.7,1483.1
2021-08-17T15:19:00,1482.7,1483,1482.7,1483
2021-08-17T15:24:00,1483,1483.3,1483,1483.3
2021-08-17T15:25:00,1483,1483,1483,1483
2021-08-17T15:33:00,1483,1483,1482.1,1482.2
2021-08-17T15:39:00,1482.2,1483.8,1482.2,1483.7
2021-08-17T15:44:00,1484,1484.4,1483.9,1483.9
2021-08-17T15:49:00,1484,1484.5,1483.7,1483.7
2021-08-17T15:54:00,1483.7,1484.1,1483.6,1483.6
2021-08-17T15:59:00,1483.9,1483.9,1483.1,1483.1
2021-08-17T16:03:00,1483.2,1483.5,1483.2,1483.5
2021-08-17T16:08:00,1483.3,1483.3,1483.3,1483.3
2021-08-17T18:04:00,1483.3,1483.5,1468.7,1468.7
2021-08-17T18:09:00,1469,1469.2,1465.7,1466.1
2021-08-17T18:14:00,1467.5,1467.7,1465.7,1467.7
2021-08-17T18:24:00,1467.2,1469.1,1467.2,1468.7
2021-08-17T18:39:00,1471.3,1472.3,1468.3,1472.1
2021-08-17T18:44:00,1472.1,1473.3,1471.4,1472.8
2021-08-17T18:49:00,1472,1472,1470,1470.8
2021-08-17T20:09:00,1470.5,1470.8,1461.8,1462.2
2021-08-17T20:14:00,1462.2,1463.6,1462,1463
2021-08-17T20:19:00,1463.5,1463.6,1462.6,1463.4
2021-08-17T20:24:00,1463.3,1463.5,1463,1463.5
2021-08-17T20:29:00,1463.8,1463.8,1461.6,1461.6
2021-08-17T20:39:00,1463,1463,1461.3,1462.3
2021-08-17T20:44:00,1462.3,1462.3,1460.2,1461.2
2021-08-17T20:49:00,1461.4,1462.4,1461.3,1462.4
2021-08-17T20:54:00,1462,1462.5,1461.4,1461.4
2021-08-17T20:58:00,1461,1461,1460.5,1461
2021-08-17T21:14:00,1461,1462.2,1460.3,1460.8
2021-08-17T21:19:00,1461.2,1461.2,1458.3,1458.3
2021-08-17T21:24:00,1458.6,1459.9,1457,1459
2021-08-17T21:29:00,1459,1459.2,1456.8,1458.7
2021-08-17T22:29:00,1458.9,1460.6,1458.5,1459.8
2021-08-18T11:04:00,1460.4,1466.3,1460.4,1464
2021-08-18T11:09:00,1464,1464.3,1462.3,1464.3
2021-08-18T11:14:00,1464.1,1464.1,1462.5,1462.6
2021-08-18T11:19:00,1462,1462,1460.7,1461.4
2021-08-18T11:24:00,1460.9,1461.1,1459.8,1460.5
2021-08-18T11:29:00,1460.5,1461.7,1460.3,1460.5
2021-08-18T11:34:00,1460.5,1462,1459.1,1459.3
2021-08-18T11:39:00,1459,1460.5,1458.7,1458.7
2021-08-18T11:44:00,1458.6,1458.6,1455.8,1456.9
2021-08-18T11:49:00,1456.9,1457.3,1453.8,1454
2021-08-18T11:54:00,1454.6,1456.5,1454.2,1456.5
2021-08-18T12:19:00,1450.3,1450.8,1444.8,1444.8
2021-08-18T12:24:00,1445.1,1446.2,1444.2,1444.7
2021-08-18T12:29:00,1445,1446,1444.6,1445
2021-08-18T12:34:00,1446,1448.3,1446,1446.8
2021-08-18T12:39:00,1446.7,1446.7,1445.1,1445.5
2021-08-18T12:44:00,1445,1446.8,1445,1446.8
2021-08-18T13:34:00,1446.3,1446.8,1445.2,1446
2021-08-18T13:39:00,1446.4,1447,1445.8,1446
2021-08-18T13:42:00,1446.5,1446.5,1445.5,1445.5
2021-08-18T13:49:00,1445.5,1445.5,1444.1,1444.1
2021-08-18T13:51:00,1444.4,1445,1444.4,1445
2021-08-18T13:59:00,1445,1446.8,1445,1446
2021-08-18T14:04:00,1445.7,1446,1445.1,1446
2021-08-18T14:09:00,1445.3,1446.6,1445.3,1445.3
2021-08-18T15:09:00,1445.3,1445.9,1445.3,1445.4
2021-08-18T15:14:00,1445.5,1445.7,1445,1445.2
2021-08-18T15:19:00,1445.3,1445.7,1445.2,1445.7
2021-08-18T15:24:00,1445.3,1445.6,1444.3,1444.8
2021-08-18T15:29:00,1445.1,1445.1,1440.4,1440.8
2021-08-18T15:34:00,1441,1441,1437,1437.6
2021-08-18T15:39:00,1437.7,1437.7,1435.5,1436.7
2021-08-18T15:44:00,1436.5,1438.4,1436.4,1438.2
2021-08-18T15:49:00,1438.5,1438.7,1438.5,1438.6
2021-08-18T15:54:00,1438.5,1438.9,1437.5,1438.2
2021-08-18T15:59:00,1438.2,1438.8,1438.1,1438.1
2021-08-18T16:04:00,1439.2,1441.5,1439.2,1441
2021-08-18T16:09:00,1441,1441.5,1440.3,1440.3
2021-08-18T16:14:00,1440.4,1442.3,1440.4,1442.3
2021-08-18T16:19:00,1442,1445,1442,1443.9
2021-08-18T16:24:00,1444,1444.9,1444,1444.3
2021-08-18T16:29:00,1444.5,1444.5,1443.4,1444
2021-08-18T16:33:00,1444.3,1444.5,1443.9,1444.2
2021-08-18T16:39:00,1444.2,1444.3,1443,1443
2021-08-18T17:29:00,1443,1443.7,1440.8,1441.2
2021-08-18T17:34:00,1440.5,1443.7,1440.5,1440.5
2021-08-18T17:39:00,1441.6,1441.9,1440.7,1440.7
2021-08-18T17:44:00,1440.2,1440.7,1438,1438
2021-08-18T17:49:00,1438.1,1441.4,1437.7,1441.2
2021-08-18T17:54:00,1440.5,1441.5,1440.5,1441.3
2021-08-18T17:59:00,1441.4,1441.4,1440.9,1441.4
2021-08-18T18:04:00,1441.5,1442.3,1441.3,1441.5
2021-08-18T18:09:00,1440.5,1443,1440.5,1441.3
2021-08-18T18:14:00,1441.4,1442,1441.4,1442
2021-08-18T18:19:00,1441.5,1442.6,1441.5,1442
2021-08-18T18:24:00,1442,1442.7,1441.5,1442.2
2021-08-18T18:29:00,1442.1,1445.3,1442.1,1445
2021-08-18T18:34:00,1443.5,1445.6,1440.7,1443.5
2021-08-18T18:39:00,1443,1445,1442.6,1444.5
2021-08-18T18:44:00,1445.3,1446,1443.2,1443.6
2021-08-18T18:49:00,1443.6,1443.6,1441.9,1442.4
2021-08-18T18:54:00,1442,1442.3,1440,1440
2021-08-18T18:59:00,1438.9,1438.9,1437,1437.3
2021-08-18T19:04:00,1437.1,1438.2,1435.8,1437.5
2021-08-18T19:09:00,1437.6,1438.1,1435.3,1435.3
2021-08-18T19:14:00,1436,1438,1436,1437.6
2021-08-18T19:19:00,1437.2,1437.8,1435.9,1436.8
2021-08-18T19:24:00,1436.8,1440.9,1436.8,1440.5
2021-08-18T19:29:00,1440.5,1441,1438.7,1439.6
2021-08-18T19:34:00,1438.5,1438.5,1436,1437
2021-08-18T19:39:00,1436.9,1436.9,1433.7,1434.5
2021-08-18T19:44:00,1434.2,1434.4,1431.2,1432.2
2021-08-18T19:49:00,1432,1434.2,1432,1433.9
2021-08-18T19:54:00,1433.6,1435.5,1433.6,1434.1
2021-08-18T19:59:00,1433.8,1433.8,1430.7,1431.2
2021-08-18T20:04:00,1431.1,1433.8,1431.1,1433.3
2021-08-18T20:09:00,1432.3,1432.9,1428.8,1431
2021-08-18T20:14:00,1430,1430.7,1427.2,1428.8
2021-08-18T20:19:00,1429,1433,1427.2,1431.3
2021-08-18T20:24:00,1431.5,1433.4,1431.5,1431.5
2021-08-18T20:29:00,1431.4,1431.6,1430.6,1431.3
2021-08-18T20:34:00,1431.3,1434.4,1430.8,1434.4
2021-08-18T20:39:00,1434,1434.5,1433.5,1433.5
2021-08-18T20:44:00,1433.6,1433.6,1432,1432.4
2021-08-18T20:49:00,1432,1432.8,1431.8,1432.8
2021-08-18T20:54:00,1432.5,1432.6,1431.2,1431.2
2021-08-18T20:59:00,1431.6,1432.3,1431.6,1432.2
2021-08-18T21:03:00,1432.2,1432.4,1431.7,1432.3
2021-08-18T21:09:00,1432.1,1432.1,1431,1432.1
2021-08-18T21:14:00,1432.1,1433.5,1431.7,1433.2
2021-08-18T21:19:00,1433,1434.6,1433,1434.6
2021-08-18T21:24:00,1434.6,1434.6,1432.5,1433.4
2021-08-18T21:28:00,1433.2,1434,1432.5,1433.6
2021-08-18T21:34:00,1433.4,1433.9,1433.4,1433.9
2021-08-18T21:39:00,1433.9,1434,1432.9,1432.9
2021-08-18T21:44:00,1433.1,1433.1,1432.7,1432.8
2021-08-18T21:49:00,1432.8,1432.8,1432.2,1432.2
2021-08-18T21:54:00,1432.3,1432.7,1432.3,1432.7
2021-08-18T21:59:00,1432.6,1433.6,1432.6,1432.9
2021-08-18T22:04:00,1432.6,1433.2,1432.4,1433.2
2021-08-18T22:09:00,1433.9,1433.9,1433.6,1433.7
2021-08-18T22:14:00,1433.7,1434.1,1433.6,1433.7
2021-08-18T22:19:00,1433.5,1434.7,1433.4,1434.6
2021-08-18T22:24:00,1434,1434.6,1433.8,1434
2021-08-18T22:29:00,1434,1434.3,1433.6,1434.3
2021-08-18T22:33:00,1434,1434,1433.7,1433.9
2021-08-18T22:39:00,1434,1434,1433.2,1433.4
2021-08-18T22:44:00,1433.2,1434,1433,1434
2021-08-18T22:48:00,1434,1434.1,1433.7,1433.7
2021-08-18T22:54:00,1433.7,1434.2,1433.5,1433.9
2021-08-19T17:14:00,1434,1434.2,1402.6,1404.4
2021-08-19T17:19:00,1404.3,1404.3,1402.5,1403
2021-08-19T17:24:00,1403,1403.9,1401.2,1403.8
2021-08-19T17:29:00,1404,1404.7,1402.4,1402.6
2021-08-19T17:34:00,1402.5,1404.9,1402.5,1404.8
2021-08-19T17:39:00,1404.9,1405.6,1402.3,1405.1
2021-08-19T17:44:00,1405.4,1410,1405.4,1407.3
2021-08-19T17:49:00,1407.3,1408,1406,1406
2021-08-19T17:54:00,1405.8,1408.8,1405.8,1408
2021-08-19T17:59:00,1408,1408,1405.5,1406
2021-08-19T18:04:00,1406.5,1407.2,1405.5,1406.4
2021-08-19T18:09:00,1405.8,1406.7,1405.1,1406.7
2021-08-19T18:14:00,1406.6,1406.8,1406.2,1406.2
2021-08-19T18:19:00,1406.8,1407.6,1405.5,1406.2
2021-08-19T18:24:00,1406.5,1407.2,1406,1406.9
2021-08-19T18:29:00,1408,1410.5,1408,1408.8
2021-08-19T18:34:00,1410.1,1410.1,1403.2,1408.5
2021-08-19T18:39:00,1407.8,1412.1,1405.9,1410.1
2021-08-19T18:44:00,1410.6,1416.9,1410.6,1413.9
2021-08-19T18:49:00,1414.2,1417.5,1414.2,1414.8
2021-08-19T18:54:00,1415,1418.6,1415,1417.7
2021-08-19T20:44:00,1418.4,1421.5,1408.6,1408.7
2021-08-19T20:49:00,1408.8,1408.8,1406.9,1408.3
2021-08-19T20:54:00,1408.3,1409.4,1407.3,1407.3
2021-08-19T20:59:00,1407.5,1407.5,1404.7,1405.3
2021-08-19T21:04:00,1405.4,1405.4,1403,1403.2
2021-08-19T22:14:00,1403.3,1405,1398,1398
2021-08-19T22:19:00,1398,1398.4,1397.8,1398.4
2021-08-19T22:24:00,1398.2,1399.1,1398.2,1399.1
2021-08-19T22:29:00,1399.2,1400.7,1399.2,1399.7
2021-08-19T22:34:00,1400.3,1400.3,1398.4,1398.4
2021-08-19T22:39:00,1398.3,1398.3,1397.5,1397.9
2021-08-19T22:43:00,1398,1398.6,1397.9,1398.3
2021-08-19T22:48:00,1398.4,1399.4,1398.4,1398.8
2021-08-19T22:54:00,1399.2,1399.3,1397.6,1398
2021-08-19T22:59:00,1397.8,1398,1397.6,1397.9
2021-08-19T23:04:00,1398,1398,1396.2,1396.8
2021-08-19T23:09:00,1397.1,1398,1397.1,1397.8
2021-08-19T23:14:00,1398.5,1399,1397.9,1398.7
2021-08-19T23:19:00,1398.5,1398.9,1398,1398.8
2021-08-19T23:24:00,1398.7,1400.6,1398.7,1400
2021-08-19T23:29:00,1400.5,1400.5,1399.6,1400.5
2021-08-19T23:29:00,1400,1400.5,1399.6,1400.5
2021-08-19T23:29:00,1400,1400.5,1399.6,1400.5
2021-08-19T23:29:00,1400,1400.5,1399.6,1400.5
2021-08-19T23:29:00,1400,1400.5,1399.6,1400.5
2021-08-19T23:29:00,1400,1400.5,1399.6,1400.5
2021-08-19T23:29:00,1400,1400.5,1399.6,1400.5
2021-08-19T23:29:00,1400,1400.5,1399.6,1400.5
2021-08-19T23:29:00,1400,1400.5,1399.6,1400.5
2021-08-19T23:29:00,1400,1400.5,1399.6,1400.5
2021-08-19T23:29:00,1400,1400.5,1399.6,1400.5
2021-08-19T23:29:00,1400,1400.5,1399.6,1400.5
2021-08-19T23:29:00,1400,1400.5,1399.6,1400.5
2021-08-19T23:29:00,1400,1400.5,1399.6,1400.5
2021-08-19T23:29:00,1400,1400.5,1399.6,1400.5
2021-08-19T23:29:00,1400,1400.5,1399.6,1400.5
2021-08-19T23:29:00,1400,1400.5,1399.6,1400.5
2021-08-19T23:29:00,1400,1400.5,1399.6,1400.5
2021-08-19T23:29:00,1400,1400.5,1399.6,1400.5
2021-08-19T23:29:00,1400,1400.5,1399.6,1400.5
2021-08-19T23:29:00,1400,1400.5,1399.6,1400.5
2021-08-19T23:29:00,1400,1400.5,1399.6,1400.5
2021-08-19T23:29:00,1400,1400.5,1399.6,1400.5
2021-08-19T23:29:00,1400,1400.5,1399.6,1400.5
2021-08-19T23:29:00,1400,1400.5,1399.6,1400.5
2021-08-19T23:29:00,1400,1400.5,1399.6,1400.5
2021-08-19T23:29:00,1400,1400.5,1399.6,1400.5
2021-08-19T23:29:00,1400,1400.5,1399.6,1400.5
2021-08-19T23:29:00,1400,1400.5,1399.6,1400.5
2021-08-19T23:29:00,1400,1400.5,1399.6,1400.5
2021-08-19T23:29:00,1400,1400.5,1399.6,1400.5
2021-08-19T23:29:00,1400,1400.5,1399.6,1400.5
2021-08-19T23:29:00,1400,1400.5,1399.6,1400.5
2021-08-19T23:29:00,1400,1400.5,1399.6,1400.5
2021-08-20T10:49:00,1400,1406.7,1399.6,1406.1
2021-08-20T10:54:00,1406.2,1406.5,1405.8,1406.5
2021-08-20T10:59:00,1406.5,1407.5,1406.5,1406.5
2021-08-20T11:04:00,1407.2,1407.2,1406.4,1406.5
2021-08-20T11:09:00,1406.5,1406.9,1404.5,1404.5
2021-08-20T11:14:00,1404,1404,1402.9,1404
2021-08-20T11:19:00,1404,1406.5,1404,1406
2021-08-20T11:23:00,1406.9,1407.5,1406.1,1406.4
2021-08-20T11:28:00,1407.7,1408.2,1406.8,1407.6
2021-08-20T11:34:00,1407,1408.9,1407,1408.9
2021-08-20T11:39:00,1408.9,1410.5,1408.9,1410.5
2021-08-20T11:42:00,1409.9,1409.9,1408.7,1409.2
2021-08-20T11:49:00,1409.6,1411.2,1409.6,1410.6
2021-08-20T11:54:00,1410,1413.1,1410,1412
2021-08-20T11:59:00,1412.5,1413.3,1409.3,1410
2021-08-20T12:04:00,1410,1410.4,1409.3,1409.9
2021-08-20T12:09:00,1409.2,1409.2,1408.5,1408.9
2021-08-20T12:14:00,1409,1409,1407.5,1409
2021-08-20T12:19:00,1409.3,1410,1409.1,1409.2
2021-08-20T12:24:00,1409,1410.6,1409,1409.8
2021-08-20T12:29:00,1409.8,1409.8,1407.7,1408.3
2021-08-20T12:34:00,1408,1408.8,1405.6,1406
2021-08-20T12:39:00,1405.6,1407.1,1405.6,1407.1
2021-08-20T12:44:00,1407.1,1408.9,1407,1408.6
2021-08-20T12:49:00,1408.9,1410,1408.5,1408.5
2021-08-20T12:54:00,1408.5,1408.5,1406.7,1406.7
2021-08-20T12:59:00,1406.3,1406.3,1404.9,1405.2
2021-08-20T13:04:00,1404.6,1408.2,1404.4,1408
2021-08-20T13:34:00,1408,1410.3,1408,1409.5
2021-08-20T13:39:00,1409.7,1409.7,1408,1408
2021-08-20T13:44:00,1408,1408,1407,1407.7
2021-08-20T13:49:00,1408,1408,1406,1406.1
2021-08-20T13:54:00,1406.1,1406.1,1405,1405
2021-08-20T13:59:00,1405,1406.4,1404.6,1405.8
2021-08-20T14:04:00,1405.5,1405.9,1405.2,1405.2
2021-08-20T14:09:00,1405.6,1405.6,1404.2,1405.1
2021-08-20T14:14:00,1405,1406,1404.8,1404.8
2021-08-20T14:18:00,1404.3,1405.8,1404.3,1405.2
2021-08-20T14:24:00,1405.8,1406.4,1405.4,1405.7
2021-08-20T14:28:00,1406,1408,1406,1408
2021-08-20T14:34:00,1408,1408,1407,1407
2021-08-20T14:38:00,1407,1407.4,1406.4,1406.4
2021-08-20T14:44:00,1406.4,1406.4,1405.2,1405.2
2021-08-20T14:49:00,1405.4,1405.9,1405.4,1405.9
2021-08-20T14:53:00,1405.9,1406.3,1405.9,1405.9
2021-08-20T14:59:00,1405.6,1405.6,1404,1404.4
2021-08-20T15:04:00,1404.6,1405.3,1404.6,1405.2
2021-08-20T15:09:00,1405.4,1405.7,1405.2,1405.3
2021-08-20T15:14:00,1405.6,1406.6,1405.4,1406.6
2021-08-20T15:17:00,1406.9,1407,1406,1406
2021-08-20T15:24:00,1406.2,1406.4,1405.7,1405.7
2021-08-20T15:29:00,1405.7,1405.7,1404.2,1405.5
2021-08-20T15:48:00,1405.9,1406.6,1405,1405
2021-08-20T15:54:00,1405,1405.4,1404.6,1405.2
2021-08-20T15:59:00,1405,1406.4,1405,1406.4
2021-08-20T16:04:00,1406,1406.6,1405.8,1406.6
2021-08-20T16:09:00,1406.6,1406.6,1405.7,1405.7
2021-08-20T16:14:00,1405.9,1406.6,1405.9,1406.5
2021-08-20T16:17:00,1406.2,1406.2,1405.3,1405.4
2021-08-20T16:23:00,1406.1,1406.1,1405.5,1405.8
2021-08-20T16:28:00,1406.4,1406.7,1406,1406
2021-08-20T16:34:00,1406.2,1406.2,1405,1405
2021-08-20T16:39:00,1405.3,1406,1405.3,1405.8
2021-08-20T16:44:00,1405.5,1405.6,1405,1405.6
2021-08-20T16:49:00,1405.6,1405.9,1405.4,1405.6
2021-08-20T16:53:00,1406,1406.1,1405.8,1405.8
2021-08-20T16:59:00,1406.1,1406.1,1405.8,1405.8
2021-08-20T17:03:00,1406,1406.7,1406,1406
2021-08-20T17:09:00,1406.9,1407.6,1406.9,1407.6
2021-08-20T17:14:00,1407.8,1408.7,1406.8,1406.8
2021-08-20T17:19:00,1407.3,1407.3,1406.3,1406.9
2021-08-20T17:24:00,1407.4,1408.1,1406.5,1408
2021-08-20T17:29:00,1408.1,1408.1,1405,1405
2021-08-20T17:34:00,1405.1,1407.6,1405,1406.7
2021-08-20T17:39:00,1406.7,1406.7,1405,1405.5
2021-08-20T17:44:00,1405.4,1405.4,1402.6,1402.6
2021-08-20T17:49:00,1403,1403,1401.5,1402.7
2021-08-20T17:54:00,1402.5,1403.5,1402,1402
2021-08-20T17:59:00,1402,1402.2,1400.9,1401.8
2021-08-20T18:04:00,1402,1402,1400,1400
2021-08-23T12:53:00,1431.1,1432.1,1431.1,1431.5
2021-08-23T12:58:00,1431.2,1431.2,1429.4,1430.1
2021-08-23T13:04:00,1430.5,1431,1430.2,1431
2021-08-23T13:09:00,1430.4,1431.2,1430.1,1431.2
2021-08-23T13:13:00,1431.3,1432,1431.3,1431.5
2021-08-23T13:19:00,1431.9,1434.8,1431.9,1434.8
2021-08-23T13:44:00,1433.9,1434.9,1433.3,1433.5
2021-08-23T13:49:00,1433.5,1434.5,1433.5,1434.5
2021-08-23T13:53:00,1435.2,1435.9,1435,1435.3
2021-08-23T13:59:00,1435.3,1435.6,1434.3,1434.3
2021-08-23T14:04:00,1434.2,1435.6,1434.2,1434.7
2021-08-23T14:09:00,1435.6,1435.6,1433.6,1433.9
2021-08-23T14:14:00,1433.2,1436,1432.5,1436
2021-08-23T14:19:00,1436.3,1437.7,1435.9,1436.8
2021-08-23T14:24:00,1436,1437.6,1436,1437.6
2021-08-23T14:29:00,1437.5,1438.1,1436.6,1436.6
2021-08-23T14:34:00,1436.6,1437.4,1436.2,1437.4
2021-08-23T14:39:00,1438,1441.7,1437.5,1441
2021-08-23T14:44:00,1441.1,1442,1440.4,1440.4
2021-08-23T14:49:00,1440.4,1440.6,1439.2,1439.3
2021-08-23T14:54:00,1439.4,1439.4,1438.1,1438.1
2021-08-23T14:59:00,1438.2,1439.6,1437.5,1437.6
2021-08-23T15:04:00,1438,1439.4,1438,1439.3
2021-08-23T15:09:00,1439.3,1439.3,1438,1438
2021-08-23T15:14:00,1438,1438.1,1438,1438
2021-08-23T15:19:00,1439.1,1439.1,1437.7,1438
2021-08-23T15:24:00,1438,1438.1,1437.1,1437.1
2021-08-23T15:29:00,1437,1438,1437,1437.8
2021-08-23T15:33:00,1437.8,1438,1437,1437
2021-08-23T15:38:00,1437,1437.4,1437,1437.4
2021-08-23T15:43:00,1436.9,1438.8,1436.9,1438.5
2021-08-23T15:49:00,1438.8,1439,1436.5,1436.9
2021-08-23T15:54:00,1436.9,1437.7,1436.9,1437.5
2021-08-23T15:59:00,1437.5,1437.5,1436.8,1436.8
2021-08-23T16:04:00,1437,1437,1435.2,1435.2
2021-08-23T16:08:00,1435.5,1436.5,1435.5,1436.1
2021-08-23T16:13:00,1436.4,1436.5,1435.9,1435.9
2021-08-23T16:18:00,1436.1,1436.5,1436,1436.5
2021-08-23T16:24:00,1436.3,1437.2,1436,1436
2021-08-23T16:27:00,1435.8,1436.4,1435.8,1436.2
2021-08-23T16:59:00,1437.8,1437.8,1436.2,1436.3
2021-08-23T17:04:00,1436.3,1437.1,1436.2,1437.1
2021-08-23T17:09:00,1437.8,1439,1437.8,1438.5
2021-08-23T17:13:00,1438.8,1439,1437.3,1437.3
2021-08-23T17:13:00,1438.4,1438.4,1437.3,1437.3
2021-08-23T17:23:00,1437.9,1437.9,1437,1437.5
2021-08-23T17:29:00,1437.2,1438.5,1437.2,1437.2
2021-08-23T17:34:00,1437.1,1437.1,1433.8,1435.5
2021-08-23T17:39:00,1435.1,1436.4,1435,1435.9
2021-08-23T17:44:00,1436.1,1436.3,1435.7,1436
2021-08-23T17:48:00,1435.7,1436.3,1435.5,1435.5
2021-08-23T17:54:00,1435.5,1435.9,1435.5,1435.9
2021-08-23T17:59:00,1436.5,1438,1436.5,1436.9
2021-08-23T18:04:00,1436.9,1437.3,1435.9,1436.5
2021-08-23T18:09:00,1437,1437.4,1437,1437.1
2021-08-23T18:13:00,1437.3,1437.8,1436.7,1437.4
2021-08-23T18:19:00,1437.5,1438,1437.4,1437.4
2021-08-23T18:24:00,1437.9,1439,1437.9,1438.8
2021-08-23T18:29:00,1439.1,1440,1437.7,1439.1
2021-08-23T18:34:00,1439.6,1439.6,1435.4,1436.1
2021-08-23T18:39:00,1436.8,1437.7,1435.8,1436
2021-08-23T18:44:00,1435.5,1436.5,1435.4,1435.9
2021-08-23T18:49:00,1436,1436.6,1434,1434
2021-08-23T18:54:00,1434,1434.6,1431.1,1431.4
2021-08-23T18:59:00,1431.4,1432.2,1429.4,1429.6
2021-08-23T19:04:00,1430.5,1432.9,1430.5,1431.9
2021-08-23T19:09:00,1432.4,1433,1431,1431.3
2021-08-23T19:14:00,1432.7,1433,1432.7,1432.8
2021-08-23T19:18:00,1432.8,1432.8,1432,1432.1
2021-08-23T19:24:00,1432.7,1435,1432.7,1434.9
2021-08-23T19:29:00,1435.2,1436.6,1434.2,1434.2
2021-08-23T19:34:00,1433.8,1435.6,1433.6,1434.4
2021-08-23T19:36:00,1434.9,1435.1,1434.8,1435.1
2021-08-23T19:44:00,1435.1,1436,1435.1,1435.6
2021-08-23T19:49:00,1435.3,1437.5,1435.3,1436.6
2021-08-23T19:54:00,1436.5,1437.5,1436.3,1436.4
2021-08-23T19:59:00,1436.5,1438.4,1436.4,1437.1
2021-08-23T20:04:00,1438,1438.5,1435.7,1435.7
2021-08-23T20:09:00,1435.4,1436.6,1433.6,1433.6
2021-08-23T20:14:00,1433.7,1434.8,1433,1433
2021-08-23T20:19:00,1433,1435.8,1433,1434.9
2021-08-23T20:24:00,1434.2,1434.5,1433.5,1433.5
2021-08-23T20:34:00,1435.6,1435.9,1435.5,1435.7
2021-08-23T20:39:00,1436.1,1436.1,1435,1435
2021-08-23T20:44:00,1435,1435,1434.8,1434.9
2021-08-23T20:49:00,1434.1,1434.7,1433.8,1434.7
2021-08-23T20:54:00,1434.6,1435.6,1434.5,1434.5
2021-08-23T20:58:00,1434.2,1435.5,1434.2,1435
2021-08-23T21:04:00,1435.6,1437.6,1435.5,1436
2021-08-23T21:09:00,1436,1436.3,1435.8,1436.2
2021-08-23T21:14:00,1436.2,1436.6,1436.1,1436.1
2021-08-23T21:19:00,1436.5,1436.7,1436,1436.2
2021-08-23T21:24:00,1436.6,1437.2,1436.2,1436.7
2021-08-23T21:29:00,1436.8,1436.8,1434.1,1435.9
2021-08-23T21:34:00,1436,1436.5,1434.9,1435.2
2021-08-23T21:39:00,1435.6,1435.8,1434.1,1434.2
2021-08-23T21:44:00,1434.2,1434.5,1433.1,1434
2021-08-23T21:48:00,1434,1434.8,1434,1434.1
2021-08-23T21:54:00,1434.5,1435.2,1434.5,1435
2021-08-23T21:59:00,1435.3,1436,1435.2,1436
2021-08-23T22:04:00,1436,1436.4,1434.9,1434.9
2021-08-23T22:09:00,1435.2,1436.8,1435.1,1436.6
2021-08-23T22:14:00,1436.5,1436.6,1435.4,1435.4
2021-08-23T22:19:00,1435.4,1435.4,1434.9,1434.9
2021-08-23T22:24:00,1435,1436.5,1435,1436.2
2021-08-23T22:29:00,1436.5,1436.5,1436,1436
2021-08-23T22:34:00,1436.2,1436.5,1435.7,1435.7
2021-08-23T22:39:00,1435.8,1436.2,1435.6,1436.2
2021-08-23T22:44:00,1436.5,1436.5,1436,1436
2021-08-23T22:49:00,1435.7,1435.9,1435,1435.7
2021-08-23T22:59:00,1436,1436.2,1435.9,1435.9
2021-08-23T23:04:00,1435.5,1436.7,1435.1,1436.7
2021-08-23T23:09:00,1436.7,1438.9,1436.4,1438.3
2021-08-23T23:14:00,1437.5,1437.5,1435.8,1435.8
2021-08-23T23:19:00,1436,1438.8,1436,1437
2021-08-23T23:24:00,1437.5,1438.3,1436.1,1436.8
2021-08-23T23:29:00,1436.8,1438.4,1435.3,1436.7
2021-08-23T23:29:00,1435.7,1438.4,1435.7,1436.7
2021-08-23T23:29:00,1435.7,1438.4,1435.7,1436.7
2021-08-23T23:29:00,1435.7,1438.4,1435.7,1436.7
2021-08-23T23:29:00,1435.7,1438.4,1435.7,1436.7
2021-08-23T23:29:00,1435.7,1438.4,1435.7,1436.7
2021-08-23T23:29:00,1435.7,1438.4,1435.7,1436.7
2021-08-23T23:29:00,1435.7,1438.4,1435.7,1436.7
2021-08-23T23:29:00,1435.7,1438.4,1435.7,1436.7
2021-08-23T23:29:00,1435.7,1438.4,1435.7,1436.7
2021-08-23T23:29:00,1435.7,1438.4,1435.7,1436.7
2021-08-23T23:29:00,1435.7,1438.4,1435.7,1436.7
2021-08-23T23:29:00,1435.7,1438.4,1435.7,1436.7
2021-08-23T23:29:00,1435.7,1438.4,1435.7,1436.7
2021-08-23T23:29:00,1435.7,1438.4,1435.7,1436.7
2021-08-23T23:29:00,1435.7,1438.4,1435.7,1436.7
2021-08-23T23:29:00,1435.7,1438.4,1435.7,1436.7
2021-08-23T23:29:00,1435.7,1438.4,1435.7,1436.7
2021-08-23T23:29:00,1435.7,1438.4,1435.7,1436.7
2021-08-23T23:29:00,1435.7,1438.4,1435.7,1436.7
2021-08-23T23:29:00,1435.7,1438.4,1435.7,1436.7
2021-08-23T23:29:00,1435.7,1438.4,1435.7,1436.7
2021-08-23T23:29:00,1435.7,1438.4,1435.7,1436.7
2021-08-23T23:29:00,1435.7,1438.4,1435.7,1436.7
2021-08-23T23:29:00,1435.7,1438.4,1435.7,1436.7
2021-08-23T23:29:00,1435.7,1438.4,1435.7,1436.7
2021-08-23T23:29:00,1435.7,1438.4,1435.7,1436.7
2021-08-23T23:29:00,1435.7,1438.4,1435.7,1436.7
2021-08-23T23:29:00,1435.7,1438.4,1435.7,1436.7
2021-08-23T23:29:00,1435.7,1438.4,1435.7,1436.7
2021-08-23T23:29:00,1435.7,1438.4,1435.7,1436.7
2021-08-23T23:29:00,1435.7,1438.4,1435.7,1436.7
2021-08-23T23:29:00,1435.7,1438.4,1435.7,1436.7
2021-08-23T23:29:00,1435.7,1438.4,1435.7,1436.7
2021-08-23T23:29:00,1435.7,1438.4,1435.7,1436.7
2021-08-23T23:29:00,1435.7,1438.4,1435.7,1436.7
2021-08-23T23:29:00,1435.7,1438.4,1435.7,1436.7
2021-08-23T23:29:00,1435.7,1438.4,1435.7,1436.7
2021-08-23T23:29:00,1435.7,1438.4,1435.7,1436.7
2021-08-23T23:29:00,1435.7,1438.4,1435.7,1436.7
2021-08-23T23:29:00,1435.7,1438.4,1435.7,1436.7
2021-08-23T23:29:00,1435.7,1438.4,1435.7,1436.7
2021-08-23T23:29:00,1435.7,1438.4,1435.7,1436.7
2021-08-23T23:29:00,1435.7,1438.4,1435.7,1436.7
2021-08-23T23:29:00,1435.7,1438.4,1435.7,1436.7
2021-08-23T23:29:00,1435.7,1438.4,1435.7,1436.7
2021-08-23T23:29:00,1435.7,1438.4,1435.7,1436.7
2021-08-23T23:29:00,1435.7,1438.4,1435.7,1436.7
2021-08-23T23:29:00,1435.7,1438.4,1435.7,1436.7
2021-08-24T16:19:00,1435.7,1443.3,1435.7,1443.3
2021-08-24T16:24:00,1443.3,1443.3,1442,1442
2021-08-24T16:29:00,1442.5,1442.5,1441.3,1441.3
2021-08-24T16:34:00,1441.5,1441.5,1440,1440.5
2021-08-24T16:39:00,1441,1441.7,1441,1441.7
2021-08-24T16:43:00,1441.5,1441.9,1441.5,1441.9
2021-08-24T16:48:00,1443,1443,1441.6,1441.8
2021-08-24T16:53:00,1441.4,1441.7,1441.4,1441.7
2021-08-24T16:58:00,1441.7,1441.7,1440.5,1440.6
2021-08-24T17:04:00,1440.4,1441,1440.4,1440.9
2021-08-24T17:09:00,1440.9,1442.3,1440.9,1442.3
2021-08-24T17:14:00,1442.5,1443,1442.5,1443
2021-08-24T17:19:00,1442.4,1442.5,1441.4,1442.5
2021-08-24T17:23:00,1443,1443.8,1443,1443.3
2021-08-24T17:29:00,1444,1444.5,1443.2,1443.5
2021-08-24T17:34:00,1444,1446,1443.9,1445.1
2021-08-24T17:39:00,1445.6,1446.8,1444.5,1446
2021-08-24T17:44:00,1445.9,1446.2,1445.9,1446.2
2021-08-24T17:49:00,1446,1446.1,1443.7,1444
2021-08-24T17:54:00,1444.1,1444.6,1441.5,1443.9
2021-08-24T17:59:00,1443.3,1445,1443.2,1444.5
2021-08-24T18:04:00,1444,1444,1443,1443.2
2021-08-24T18:09:00,1443.2,1443.7,1442.6,1443.7
2021-08-24T18:14:00,1443.1,1443.4,1442.1,1442.1
2021-08-24T18:23:00,1442.3,1443.9,1442.3,1443.5
2021-08-24T18:29:00,1443.5,1443.7,1443.5,1443.7
2021-08-24T18:33:00,1444.2,1444.2,1442.4,1442.4
2021-08-24T18:44:00,1442.1,1442.1,1440.5,1441.5
2021-08-24T18:49:00,1441.4,1448.2,1441.4,1447
2021-08-24T18:54:00,1448,1448,1445.7,1445.8
2021-08-24T18:59:00,1446.8,1446.8,1446.2,1446.7
2021-08-24T19:04:00,1446.7,1449.3,1446.7,1447
2021-08-24T19:09:00,1446.2,1448,1446.2,1448
2021-08-24T19:14:00,1448,1448.5,1446.8,1446.8
2021-08-24T19:19:00,1447.1,1449.9,1447.1,1448.8
2021-08-24T19:24:00,1448.9,1449.9,1448.4,1449
2021-08-24T19:29:00,1448.7,1449.4,1448.7,1448.8
2021-08-24T19:34:00,1449.4,1449.8,1448.5,1448.9
2021-08-24T19:39:00,1449.3,1449.7,1448.5,1449.7
2021-08-24T19:44:00,1450,1450,1449,1449
2021-08-24T19:49:00,1449.7,1452,1449.7,1451.2
2021-08-24T19:54:00,1451.9,1451.9,1449.5,1449.8
2021-08-24T19:59:00,1449.3,1451,1449.3,1451
2021-08-24T20:04:00,1449.7,1450.1,1449,1449
2021-08-24T20:09:00,1449,1449.8,1448.4,1448.4
2021-08-24T20:14:00,1448.3,1448.3,1445.3,1447.4
2021-08-24T20:19:00,1447.9,1449,1445.6,1446.1
2021-08-24T20:24:00,1446.2,1446.5,1444,1444.1
2021-08-24T20:29:00,1444,1446.1,1444,1446.1
2021-08-24T20:33:00,1446.5,1447.4,1446.5,1446.6
2021-08-24T20:36:00,1447,1447,1445.7,1446
2021-08-24T20:44:00,1446.5,1448.6,1446.5,1448.6
2021-08-24T20:49:00,1448.6,1448.6,1447.6,1447.6
2021-08-24T20:54:00,1447.3,1447.3,1445.3,1445.3
2021-08-24T20:59:00,1446,1446,1444.2,1444.6
2021-08-24T21:03:00,1444.9,1445.9,1444.9,1445.9
2021-08-24T21:09:00,1445.3,1445.9,1444.1,1444.1
2021-08-24T21:14:00,1444.5,1444.5,1442.3,1442.7
2021-08-24T21:19:00,1442.4,1442.9,1440.1,1440.1
2021-08-24T21:24:00,1440.3,1443,1440.3,1443
2021-08-24T21:29:00,1443,1443.8,1443,1443
2021-08-24T21:32:00,1443,1443.6,1441.9,1442.8
2021-08-24T21:39:00,1442.8,1443.3,1442.4,1443.2
2021-08-24T21:44:00,1443.8,1443.8,1442,1442
2021-08-24T21:49:00,1442,1444.7,1441,1442.3
2021-08-24T21:54:00,1443.3,1444,1442.1,1442.1
2021-08-24T21:59:00,1442,1443.3,1440.6,1441
2021-08-24T22:03:00,1440.9,1442.1,1440.9,1441.6
2021-08-24T22:09:00,1441.9,1441.9,1441,1441
2021-08-24T22:12:00,1441,1441.1,1441,1441.1
2021-08-24T22:19:00,1441.1,1441.1,1439.1,1439.9
2021-08-24T22:23:00,1439.1,1439.4,1438.2,1438.2
2021-08-24T22:29:00,1438.3,1438.3,1436.1,1438.2
2021-08-24T22:34:00,1438,1438,1436.6,1438
2021-08-24T22:38:00,1437,1437.6,1436,1436
2021-08-24T22:44:00,1436,1436,1435.3,1435.3
2021-08-24T22:49:00,1435.4,1435.9,1435,1435.9
2021-08-24T22:54:00,1436,1437,1435.3,1436.1
2021-08-24T22:59:00,1436.5,1438.8,1436,1438.8
2021-08-24T23:04:00,1438.1,1438.1,1435.5,1436.8
2021-08-24T23:09:00,1436.5,1437.8,1435.8,1437.8
2021-08-24T23:14:00,1436.8,1437.9,1436.8,1437.9
2021-08-24T23:18:00,1438.1,1438.7,1437,1437.5
