Index,Open,High,Low,Close,Vol,OI
2021-08-18T15:42:00,63254,63260,63254,63260,8,9677
2021-08-18T15:44:00,63255,63269,63254,63260,10,9680
2021-08-18T15:45:00,63264,63281,63264,63281,5,9684
2021-08-18T15:42:00,63254,63260,63254,63260,8,9677
2021-08-18T15:44:00,63255,63269,63254,63260,10,9680
2021-08-18T15:49:00,63264,63289,63252,63256
2021-08-18T15:54:00,63251,63260,63220,63220
2021-08-18T15:59:00,63234,63271,63234,63269
2021-08-18T16:04:00,63269,63269,63206,63215
2021-08-18T16:09:00,63224,63245,63224,63245
2021-08-18T16:14:00,63245,63257,63219,63219
2021-08-18T16:19:00,63219,63255,63216,63255
2021-08-18T16:24:00,63255,63255,63229,63244
2021-08-18T16:29:00,63235,63235,63175,63175
2021-08-18T16:34:00,63177,63208,63110,63196
2021-08-18T16:39:00,63170,63177,63150,63174
2021-08-18T17:29:00,63155,63360,63155,63350
2021-08-18T17:34:00,63350,63350,63300,63300
2021-08-18T17:39:00,63308,63308,63270,63295
2021-08-18T17:44:00,63300,63304,63279,63286
2021-08-18T17:49:00,63302,63360,63300,63329
2021-08-18T17:54:00,63325,63397,63325,63346
2021-08-18T17:59:00,63352,63375,63320,63348
2021-08-18T18:04:00,63354,63400,63354,63375
2021-08-18T18:09:00,63380,63380,63281,63302
2021-08-18T18:14:00,63314,63314,63220,63243
2021-08-18T18:19:00,63247,63254,63227,63233
2021-08-18T18:24:00,63233,63255,63218,63219
2021-08-18T18:29:00,63230,63255,63230,63255
2021-08-18T18:34:00,63232,63287,63219,63287
2021-08-18T18:39:00,63280,63300,63224,63224
2021-08-18T18:44:00,63211,63212,63156,63190
2021-08-18T18:49:00,63190,63200,63130,63157
2021-08-18T18:54:00,63160,63160,63050,63075
2021-08-18T18:59:00,63074,63119,63049,63054
2021-08-18T19:04:00,63033,63033,62737,62824
2021-08-18T19:09:00,62831,62947,62804,62925
2021-08-18T19:14:00,62901,62926,62860,62880
2021-08-18T19:19:00,62880,62936,62835,62876
2021-08-18T19:24:00,62857,62875,62820,62848
2021-08-18T19:29:00,62840,62869,62753,62812
2021-08-18T19:34:00,62745,62811,62643,62794
2021-08-18T19:39:00,62801,62801,62711,62723
2021-08-18T19:44:00,62783,62783,62654,62730
2021-08-18T19:49:00,62720,62720,62525,62555
2021-08-18T19:54:00,62515,62520,62400,62400
2021-08-18T19:59:00,62400,62470,62323,62423
2021-08-18T20:04:00,62419,62474,62376,62414
2021-08-18T20:09:00,62400,62400,62250,62290
2021-08-18T20:14:00,62289,62289,62200,62263
2021-08-18T20:19:00,62271,62357,62200,62320
2021-08-18T20:24:00,62322,62421,62262,62391
2021-08-18T20:29:00,62389,62490,62389,62462
2021-08-18T20:34:00,62465,62465,62423,62460
2021-08-18T20:39:00,62464,62464,62400,62430
2021-08-18T20:44:00,62425,62443,62367,62383
2021-08-18T20:49:00,62360,62396,62300,62389
2021-08-18T20:54:00,62384,62470,62384,62470
2021-08-18T20:59:00,62450,62479,62397,62476
2021-08-18T21:04:00,62479,62485,62463,62480
2021-08-18T21:09:00,62480,62528,62465,62528
2021-08-18T21:14:00,62540,62540,62487,62529
2021-08-18T21:19:00,62521,62621,62510,62614
2021-08-18T21:24:00,62611,62611,62555,62590
2021-08-18T21:29:00,62590,62615,62590,62596
2021-08-18T21:34:00,62605,62691,62605,62629
2021-08-18T21:39:00,62633,62678,62577,62577
2021-08-18T21:44:00,62622,62622,62562,62573
2021-08-18T21:49:00,62556,62556,62531,62556
2021-08-18T21:54:00,62553,62575,62540,62561
2021-08-18T21:59:00,62556,62571,62540,62554
2021-08-18T22:04:00,62560,62640,62560,62609
2021-08-18T22:09:00,62614,62625,62599,62625
2021-08-18T22:12:00,62639,62639,62602,62618
2021-08-18T22:19:00,62618,62618,62586,62608
2021-08-18T22:24:00,62580,62580,62520,62539
2021-08-18T22:28:00,62550,62550,62510,62530
2021-08-18T22:34:00,62535,62564,62505,62557
2021-08-18T22:39:00,62557,62596,62557,62572
2021-08-18T22:44:00,62585,62607,62567,62571
2021-08-18T22:48:00,62581,62588,62581,62588
2021-08-18T22:54:00,62583,62590,62548,62560
2021-08-19T17:14:00,62579,62590,62301,62388
2021-08-19T17:19:00,62392,62459,62373,62458
2021-08-19T17:24:00,62450,62450,62400,62404
2021-08-19T17:29:00,62392,62452,62380,62380
2021-08-19T17:34:00,62382,62449,62382,62395
2021-08-19T17:39:00,62399,62401,62371,62380
2021-08-19T17:44:00,62372,62390,62315,62322
2021-08-19T17:49:00,62330,62343,62291,62297
2021-08-19T17:54:00,62298,62469,62298,62441
2021-08-19T17:59:00,62443,62480,62443,62468
2021-08-19T18:04:00,62460,62493,62428,62473
2021-08-19T18:09:00,62493,62588,62493,62578
2021-08-19T18:14:00,62540,62540,62468,62511
2021-08-19T18:19:00,62516,62550,62491,62512
2021-08-19T18:24:00,62506,62506,62445,62480
2021-08-19T18:29:00,62500,62508,62431,62507
2021-08-19T18:34:00,62505,62623,62400,62590
2021-08-19T18:39:00,62592,62773,62592,62716
2021-08-19T18:44:00,62730,62835,62727,62750
2021-08-19T18:49:00,62747,62747,62633,62649
2021-08-19T18:54:00,62610,62610,62520,62608
2021-08-19T20:44:00,62600,62603,62248,62248
2021-08-19T20:49:00,62231,62260,62218,62236
2021-08-19T20:54:00,62240,62240,62193,62205
2021-08-19T20:59:00,62202,62255,62202,62218
2021-08-19T21:04:00,62223,62238,62179,62180
2021-08-19T22:13:00,62173,62200,62173,62184
2021-08-19T22:18:00,62193,62193,62170,62170
2021-08-19T22:24:00,62209,62238,62203,62203
2021-08-19T22:29:00,62210,62236,62200,62236
2021-08-19T22:34:00,62236,62236,62182,62218
2021-08-19T22:39:00,62187,62205,62173,62205
2021-08-19T22:44:00,62199,62240,62184,62240
2021-08-19T22:49:00,62220,62220,62207,62215
2021-08-19T22:54:00,62213,62213,62170,62170
2021-08-19T22:59:00,62183,62183,62106,62118
2021-08-19T23:04:00,62106,62137,62106,62124
2021-08-19T23:09:00,62132,62154,62110,62154
2021-08-19T23:14:00,62149,62173,62138,62173
2021-08-19T23:19:00,62169,62169,62130,62150
2021-08-19T23:24:00,62140,62162,62103,62116
2021-08-19T23:29:00,62117,62117,62081,62109
2021-08-19T23:29:00,62103,62115,62081,62109
2021-08-19T23:29:00,62103,62115,62081,62109
2021-08-19T23:29:00,62103,62115,62081,62109
2021-08-19T23:29:00,62103,62115,62081,62109
2021-08-19T23:29:00,62103,62115,62081,62109
2021-08-19T23:29:00,62103,62115,62081,62109
2021-08-19T23:29:00,62103,62115,62081,62109
2021-08-19T23:29:00,62103,62115,62081,62109
2021-08-19T23:29:00,62103,62115,62081,62109
2021-08-19T23:29:00,62103,62115,62081,62109
2021-08-19T23:29:00,62103,62115,62081,62109
2021-08-19T23:29:00,62103,62115,62081,62109
2021-08-19T23:29:00,62103,62115,62081,62109
2021-08-19T23:29:00,62103,62115,62081,62109
2021-08-19T23:29:00,62103,62115,62081,62109
2021-08-19T23:29:00,62103,62115,62081,62109
2021-08-19T23:29:00,62103,62115,62081,62109
2021-08-19T23:29:00,62103,62115,62081,62109
2021-08-19T23:29:00,62103,62115,62081,62109
2021-08-19T23:29:00,62103,62115,62081,62109
2021-08-19T23:29:00,62103,62115,62081,62109
2021-08-19T23:29:00,62103,62115,62081,62109
2021-08-19T23:29:00,62103,62115,62081,62109
2021-08-19T23:29:00,62103,62115,62081,62109
2021-08-19T23:29:00,62103,62115,62081,62109
2021-08-19T23:29:00,62103,62115,62081,62109
2021-08-19T23:29:00,62103,62115,62081,62109
2021-08-19T23:29:00,62103,62115,62081,62109
2021-08-19T23:29:00,62103,62115,62081,62109
2021-08-19T23:29:00,62103,62115,62081,62109
2021-08-19T23:29:00,62103,62115,62081,62109
2021-08-19T23:29:00,62103,62115,62081,62109
2021-08-19T23:29:00,62103,62115,62081,62109
2021-08-20T10:49:00,62103,62155,62081,62150
2021-08-20T10:54:00,62147,62147,62100,62106
2021-08-20T10:59:00,62106,62134,62106,62114
2021-08-20T11:04:00,62150,62150,62020,62027
2021-08-20T11:09:00,62030,62123,62008,62104
2021-08-20T11:14:00,62099,62165,62099,62165
2021-08-20T11:19:00,62175,62228,62175,62200
2021-08-20T11:24:00,62211,62223,62211,62222
2021-08-20T11:29:00,62233,62240,62221,62240
2021-08-20T11:34:00,62254,62254,62185,62234
2021-08-20T11:39:00,62230,62256,62225,62239
2021-08-20T11:44:00,62230,62301,62230,62300
2021-08-20T11:49:00,62305,62310,62272,62272
2021-08-20T11:54:00,62280,62320,62270,62285
2021-08-20T11:59:00,62300,62315,62290,62290
2021-08-20T12:04:00,62270,62270,62235,62268
2021-08-20T12:09:00,62269,62289,62266,62280
2021-08-20T12:13:00,62257,62260,62230,62250
2021-08-20T12:18:00,62238,62256,62238,62256
2021-08-20T12:24:00,62250,62250,62209,62211
2021-08-20T12:29:00,62245,62259,62245,62249
2021-08-20T12:34:00,62250,62250,62211,62218
2021-08-20T12:39:00,62217,62217,62179,62215
2021-08-20T12:44:00,62200,62226,62200,62226
2021-08-20T12:49:00,62220,62235,62205,62217
2021-08-20T12:54:00,62220,62220,62198,62198
2021-08-20T12:59:00,62195,62227,62195,62227
2021-08-20T13:03:00,62200,62231,62150,62228
2021-08-20T13:34:00,62231,62231,62130,62151
2021-08-20T13:39:00,62161,62161,62130,62140
2021-08-20T13:44:00,62146,62169,62141,62149
2021-08-20T13:47:00,62172,62177,62157,62157
2021-08-20T13:54:00,62140,62140,62072,62076
2021-08-20T13:59:00,62077,62096,62056,62056
2021-08-20T14:04:00,62058,62058,62015,62028
2021-08-20T14:09:00,62027,62037,61987,61990
2021-08-20T14:14:00,61971,61971,61917,61921
2021-08-20T14:19:00,61925,61925,61850,61858
2021-08-20T14:24:00,61850,61878,61796,61869
2021-08-20T14:29:00,61870,61910,61836,61902
2021-08-20T14:34:00,61893,61896,61856,61895
2021-08-20T14:39:00,61890,61912,61865,61865
2021-08-20T14:44:00,61867,61880,61865,61876
2021-08-20T14:49:00,61879,61898,61870,61870
2021-08-20T14:53:00,61865,61902,61855,61875
2021-08-20T14:59:00,61906,61938,61870,61870
2021-08-20T15:04:00,61870,61932,61870,61929
2021-08-20T15:09:00,61942,61962,61938,61945
2021-08-20T15:14:00,61950,61970,61948,61963
2021-08-20T15:19:00,61961,61961,61920,61937
2021-08-20T15:24:00,61932,61944,61910,61920
2021-08-20T15:29:00,61900,61926,61875,61906
2021-08-20T15:49:00,61905,61935,61841,61845
2021-08-20T15:54:00,61840,61850,61832,61833
2021-08-20T15:59:00,61861,61950,61861,61935
2021-08-20T16:04:00,61925,61980,61910,61975
2021-08-20T16:09:00,61975,61981,61957,61975
2021-08-20T16:14:00,61974,62020,61974,62008
2021-08-20T16:18:00,62010,62010,61991,62009
2021-08-20T16:23:00,62000,62020,61998,61998
2021-08-20T16:29:00,62005,62015,61987,62006
2021-08-20T16:34:00,61999,62060,61994,62051
2021-08-20T16:39:00,62040,62059,62020,62020
2021-08-20T16:43:00,62020,62020,61998,62000
2021-08-20T16:49:00,62027,62027,62000,62000
2021-08-20T16:54:00,62000,62033,62000,62028
2021-08-20T16:59:00,62033,62048,62022,62041
2021-08-20T17:04:00,62036,62079,62035,62035
2021-08-20T17:09:00,62051,62051,62000,62025
2021-08-20T17:13:00,62025,62025,62002,62009
2021-08-20T17:19:00,62000,62025,62000,62015
2021-08-20T17:24:00,62000,62050,62000,62031
2021-08-20T17:29:00,62030,62090,62030,62086
2021-08-20T17:34:00,62095,62095,62043,62043
2021-08-20T17:39:00,62045,62121,62045,62121
2021-08-20T17:44:00,62135,62179,62129,62159
2021-08-20T17:49:00,62164,62164,62100,62103
2021-08-20T17:54:00,62110,62142,62030,62127
2021-08-20T17:59:00,62108,62183,62100,62120
2021-08-20T18:04:00,62130,62176,62100,62143
2021-08-23T12:54:00,61960,61973,61900,61910
2021-08-23T12:59:00,61903,61953,61903,61932
2021-08-23T13:04:00,61881,61995,61881,61995
2021-08-23T13:09:00,62000,62082,62000,62074
2021-08-23T13:14:00,62059,62131,62059,62087
2021-08-23T13:19:00,62075,62075,62030,62048
2021-08-23T13:44:00,62049,62156,62048,62132
2021-08-23T13:49:00,62127,62151,62127,62138
2021-08-23T13:54:00,62155,62220,62152,62179
2021-08-23T13:59:00,62177,62241,62148,62200
2021-08-23T14:04:00,62190,62299,62190,62294
2021-08-23T14:09:00,62300,62311,62286,62311
2021-08-23T14:14:00,62304,62394,62297,62364
2021-08-23T14:19:00,62368,62400,62368,62379
2021-08-23T14:24:00,62370,62385,62347,62353
2021-08-23T14:29:00,62347,62424,62347,62424
2021-08-23T14:34:00,62412,62412,62336,62398
2021-08-23T14:39:00,62411,62425,62387,62391
2021-08-23T14:44:00,62394,62425,62388,62397
2021-08-23T14:49:00,62397,62405,62379,62400
2021-08-23T14:54:00,62410,62468,62410,62456
2021-08-23T14:59:00,62464,62464,62348,62348
2021-08-23T15:04:00,62350,62364,62337,62346
2021-08-23T15:09:00,62353,62362,62322,62324
2021-08-23T15:14:00,62324,62364,62324,62339
2021-08-23T15:19:00,62336,62344,62322,62326
2021-08-23T15:24:00,62347,62390,62346,62389
2021-08-23T15:29:00,62380,62381,62352,62380
2021-08-23T15:34:00,62379,62379,62354,62357
2021-08-23T15:39:00,62356,62367,62285,62300
2021-08-23T15:43:00,62291,62318,62283,62315
2021-08-23T15:49:00,62322,62347,62301,62301
2021-08-23T15:53:00,62301,62347,62301,62333
2021-08-23T15:59:00,62322,62338,62322,62330
2021-08-23T16:04:00,62322,62322,62286,62287
2021-08-23T16:09:00,62299,62299,62289,62290
2021-08-23T16:12:00,62290,62300,62289,62299
2021-08-23T16:19:00,62319,62354,62319,62349
2021-08-23T16:24:00,62346,62402,62346,62399
2021-08-23T16:29:00,62402,62440,62399,62421
2021-08-23T16:59:00,62431,62562,62431,62537
2021-08-23T17:04:00,62524,62614,62524,62612
2021-08-23T17:09:00,62596,62648,62548,62613
2021-08-23T17:14:00,62602,62642,62596,62642
2021-08-23T17:19:00,62632,62639,62587,62590
2021-08-23T17:24:00,62583,62583,62494,62542
2021-08-23T17:29:00,62538,62538,62486,62519
2021-08-23T17:34:00,62500,62500,62421,62468
2021-08-23T17:39:00,62468,62600,62468,62600
2021-08-23T17:44:00,62600,62600,62515,62566
2021-08-23T17:49:00,62571,62583,62525,62564
2021-08-23T17:54:00,62564,62564,62482,62530
2021-08-23T17:59:00,62560,62695,62560,62666
2021-08-23T18:04:00,62680,62827,62669,62775
2021-08-23T18:09:00,62796,62825,62691,62711
2021-08-23T18:14:00,62741,62800,62741,62750
2021-08-23T18:19:00,62725,62786,62713,62761
2021-08-23T18:24:00,62765,62791,62727,62733
2021-08-23T18:29:00,62750,62800,62740,62785
2021-08-23T18:34:00,62783,62933,62783,62916
2021-08-23T18:39:00,62893,62925,62841,62879
2021-08-23T18:44:00,62868,62868,62730,62780
2021-08-23T18:49:00,62791,62799,62720,62767
2021-08-23T18:54:00,62758,62844,62723,62836
2021-08-23T18:59:00,62822,62913,62794,62794
2021-08-23T19:04:00,62794,62910,62770,62878
2021-08-23T19:09:00,62878,62905,62780,62825
2021-08-23T19:14:00,62850,62850,62711,62728
2021-08-23T19:19:00,62820,62880,62742,62867
2021-08-23T19:24:00,62880,63004,62871,62932
2021-08-23T19:29:00,62932,62967,62883,62883
2021-08-23T19:34:00,62900,62900,62792,62799
2021-08-23T19:39:00,62797,62812,62736,62749
2021-08-23T19:44:00,62769,62769,62692,62705
2021-08-23T19:49:00,62720,62774,62526,62575
2021-08-23T19:54:00,62567,62699,62567,62632
2021-08-23T19:59:00,62659,62680,62631,62680
2021-08-23T20:04:00,62676,62785,62676,62785
2021-08-23T20:09:00,62787,62787,62725,62727
2021-08-23T20:14:00,62735,62777,62720,62754
2021-08-23T20:19:00,62775,62836,62775,62821
2021-08-23T20:24:00,62814,62861,62814,62855
2021-08-23T20:34:00,62900,62900,62815,62856
2021-08-23T20:39:00,62864,62892,62859,62870
2021-08-23T20:44:00,62874,62874,62820,62825
2021-08-23T20:49:00,62825,62851,62825,62851
2021-08-23T20:54:00,62828,62955,62828,62955
2021-08-23T20:59:00,62950,63015,62942,62942
2021-08-23T21:04:00,62946,62966,62903,62966
2021-08-23T21:09:00,62964,63022,62964,62982
2021-08-23T21:14:00,62983,63015,62974,62998
2021-08-23T21:19:00,63000,63040,62997,63020
2021-08-23T21:24:00,63025,63033,63006,63033
2021-08-23T21:29:00,63017,63017,62941,62977
2021-08-23T21:34:00,63000,63090,63000,63083
2021-08-23T21:39:00,63079,63090,63020,63060
2021-08-23T21:44:00,63057,63057,63027,63033
2021-08-23T21:49:00,63033,63033,63012,63012
2021-08-23T21:54:00,63031,63031,62965,62970
2021-08-23T21:59:00,62955,63000,62955,63000
2021-08-23T22:03:00,63010,63028,62993,62993
2021-08-23T22:09:00,63010,63025,62998,62998
2021-08-23T22:14:00,62999,63025,62999,63014
2021-08-23T22:19:00,63003,63003,62979,62990
2021-08-23T22:24:00,62979,62979,62941,62941
2021-08-23T22:29:00,62950,62953,62908,62951
2021-08-23T22:34:00,62940,62970,62940,62970
2021-08-23T22:39:00,62968,62989,62964,62980
2021-08-23T22:44:00,62981,62992,62950,62955
2021-08-23T22:49:00,62964,62964,62921,62933
2021-08-23T22:59:00,62954,62969,62927,62948
2021-08-23T23:04:00,62940,62984,62930,62943
2021-08-23T23:09:00,62953,62957,62936,62953
2021-08-23T23:14:00,62950,62950,62932,62934
2021-08-23T23:19:00,62943,62943,62903,62923
2021-08-23T23:24:00,62915,62915,62883,62914
2021-08-23T23:29:00,62900,62913,62881,62881
2021-08-23T23:29:00,62890,62899,62881,62881
2021-08-23T23:29:00,62890,62899,62881,62881
2021-08-23T23:29:00,62890,62899,62881,62881
2021-08-23T23:29:00,62890,62899,62881,62881
2021-08-23T23:29:00,62890,62899,62881,62881
2021-08-23T23:29:00,62890,62899,62881,62881
2021-08-23T23:29:00,62890,62899,62881,62881
2021-08-23T23:29:00,62890,62899,62881,62881
2021-08-23T23:29:00,62890,62899,62881,62881
2021-08-23T23:29:00,62890,62899,62881,62881
2021-08-23T23:29:00,62890,62899,62881,62881
2021-08-23T23:29:00,62890,62899,62881,62881
2021-08-23T23:29:00,62890,62899,62881,62881
2021-08-23T23:29:00,62890,62899,62881,62881
2021-08-23T23:29:00,62890,62899,62881,62881
2021-08-23T23:29:00,62890,62899,62881,62881
2021-08-23T23:29:00,62890,62899,62881,62881
2021-08-23T23:29:00,62890,62899,62881,62881
2021-08-23T23:29:00,62890,62899,62881,62881
2021-08-23T23:29:00,62890,62899,62881,62881
2021-08-23T23:29:00,62890,62899,62881,62881
2021-08-23T23:29:00,62890,62899,62881,62881
2021-08-23T23:29:00,62890,62899,62881,62881
2021-08-23T23:29:00,62890,62899,62881,62881
2021-08-23T23:29:00,62890,62899,62881,62881
2021-08-23T23:29:00,62890,62899,62881,62881
2021-08-23T23:29:00,62890,62899,62881,62881
2021-08-23T23:29:00,62890,62899,62881,62881
2021-08-23T23:29:00,62890,62899,62881,62881
2021-08-23T23:29:00,62890,62899,62881,62881
2021-08-23T23:29:00,62890,62899,62881,62881
2021-08-23T23:29:00,62890,62899,62881,62881
2021-08-23T23:29:00,62890,62899,62881,62881
2021-08-23T23:29:00,62890,62899,62881,62881
2021-08-23T23:29:00,62890,62899,62881,62881
2021-08-23T23:29:00,62890,62899,62881,62881
2021-08-23T23:29:00,62890,62899,62881,62881
2021-08-23T23:29:00,62890,62899,62881,62881
2021-08-23T23:29:00,62890,62899,62881,62881
2021-08-23T23:29:00,62890,62899,62881,62881
2021-08-23T23:29:00,62890,62899,62881,62881
2021-08-23T23:29:00,62890,62899,62881,62881
2021-08-23T23:29:00,62890,62899,62881,62881
2021-08-23T23:29:00,62890,62899,62881,62881
2021-08-23T23:29:00,62890,62899,62881,62881
2021-08-23T23:29:00,62890,62899,62881,62881
2021-08-23T23:29:00,62890,62899,62881,62881
2021-08-23T23:29:00,62890,62899,62881,62881
2021-08-24T16:19:00,62890,63194,62881,63194
2021-08-24T16:24:00,63193,63218,63192,63218
2021-08-24T16:29:00,63207,63211,63171,63172
2021-08-24T16:34:00,63196,63277,63150,63242
2021-08-24T16:39:00,63242,63247,63206,63231
2021-08-24T16:44:00,63233,63233,63210,63213
2021-08-24T16:49:00,63213,63226,63180,63182
2021-08-24T16:54:00,63195,63195,63150,63172
2021-08-24T16:59:00,63176,63176,63150,63165
2021-08-24T17:04:00,63165,63196,63150,63189
2021-08-24T17:09:00,63185,63200,63174,63200
2021-08-24T17:14:00,63206,63206,63170,63170
2021-08-24T17:19:00,63159,63172,63123,63161
2021-08-24T17:24:00,63160,63160,63135,63142
2021-08-24T17:29:00,63145,63149,63130,63149
2021-08-24T17:34:00,63170,63171,63136,63140
2021-08-24T17:39:00,63145,63210,63130,63210
2021-08-24T17:44:00,63203,63333,63201,63312
2021-08-24T17:49:00,63321,63350,63250,63250
2021-08-24T17:59:00,63000,63120,63000,63044
2021-08-24T18:04:00,63035,63187,63035,63187
2021-08-24T18:09:00,63174,63174,63112,63154
2021-08-24T18:14:00,63170,63279,63170,63264
2021-08-24T18:24:00,63257,63301,63218,63225
2021-08-24T18:29:00,63225,63342,63225,63340
2021-08-24T18:34:00,63350,63421,63206,63390
2021-08-24T18:54:00,63448,63457,63389,63442
2021-08-24T18:59:00,63457,63480,63414,63423
2021-08-24T19:04:00,63433,63490,63147,63176
2021-08-24T19:09:00,63193,63380,63193,63345
2021-08-24T19:14:00,63333,63347,63252,63292
2021-08-24T19:19:00,63300,63395,63300,63378
2021-08-24T19:24:00,63389,63481,63380,63456
2021-08-24T19:29:00,63461,63535,63461,63490
2021-08-24T19:34:00,63500,63650,63484,63526
2021-08-24T19:39:00,63559,63565,63489,63523
2021-08-24T19:44:00,63531,63543,63454,63525
2021-08-24T19:49:00,63513,63554,63513,63550
2021-08-24T19:54:00,63562,63588,63437,63466
2021-08-24T19:59:00,63456,63564,63451,63512
2021-08-24T20:04:00,63536,63584,63488,63550
2021-08-24T20:09:00,63556,63595,63487,63586
2021-08-24T20:14:00,63552,63690,63544,63613
2021-08-24T20:19:00,63630,63643,63535,63536
2021-08-24T20:24:00,63549,63550,63450,63491
2021-08-24T20:29:00,63504,63504,63388,63393
2021-08-24T20:34:00,63410,63455,63378,63455
2021-08-24T20:39:00,63449,63465,63420,63458
2021-08-24T20:44:00,63475,63490,63441,63441
2021-08-24T20:49:00,63442,63487,63440,63476
2021-08-24T20:54:00,63480,63501,63475,63497
2021-08-24T20:59:00,63488,63499,63474,63474
2021-08-24T21:04:00,63468,63478,63430,63457
2021-08-24T21:09:00,63458,63458,63410,63435
2021-08-24T21:14:00,63436,63493,63428,63484
2021-08-24T21:19:00,63485,63495,63466,63477
2021-08-24T21:24:00,63471,63478,63433,63433
2021-08-24T21:29:00,63449,63464,63423,63464
2021-08-24T21:34:00,63439,63463,63432,63443
2021-08-24T21:39:00,63439,63453,63420,63442
2021-08-24T21:44:00,63448,63466,63441,63442
2021-08-24T21:49:00,63453,63460,63440,63446
2021-08-24T21:54:00,63453,63453,63423,63428
2021-08-24T21:59:00,63435,63435,63371,63376
2021-08-24T22:03:00,63370,63436,63370,63428
2021-08-24T22:09:00,63420,63447,63420,63446
2021-08-24T22:14:00,63437,63447,63413,63429
2021-08-24T22:19:00,63418,63439,63406,63406
2021-08-24T22:24:00,63418,63435,63415,63415
2021-08-24T22:29:00,63411,63413,63381,63413
2021-08-24T22:34:00,63409,63460,63377,63429
2021-08-24T22:39:00,63445,63491,63445,63484
2021-08-24T22:44:00,63475,63495,63464,63474
2021-08-24T22:49:00,63471,63511,63471,63511
2021-08-24T22:54:00,63512,63512,63424,63439
2021-08-24T22:59:00,63440,63460,63440,63460
2021-08-24T23:04:00,63460,63505,63452,63455
2021-08-24T23:09:00,63453,63473,63446,63461
2021-08-24T23:14:00,63452,63461,63440,63441
2021-08-24T23:19:00,63453,63477,63453,63472
