Index,Open,High,Low,Close
2021-08-11T13:43:00,250,250.45,250,250.3
2021-08-11T14:19:00,250.3,250.35,250.1,250.1
2021-08-11T14:24:00,250.1,250.25,250.1,250.15
2021-08-11T14:29:00,250.2,250.4,250.2,250.4
2021-08-11T14:34:00,250.3,250.5,250.3,250.35
2021-08-11T14:39:00,250.4,250.4,250.2,250.2
2021-08-11T14:43:00,250.2,250.35,250.2,250.35
2021-08-11T15:49:00,250.05,250.1,249.75,249.75
2021-08-11T15:54:00,249.85,249.9,249.8,249.85
2021-08-11T15:59:00,249.85,249.9,249.85,249.9
2021-08-11T16:04:00,249.9,249.9,249.75,249.8
2021-08-11T16:09:00,249.8,249.9,249.8,249.85
2021-08-11T16:13:00,249.9,250.1,249.9,250.1
2021-08-11T16:19:00,250.1,250.15,250.1,250.15
2021-08-11T16:24:00,250.3,250.5,250.2,250.35
2021-08-11T16:29:00,250.35,250.75,250.35,250.5
2021-08-11T16:34:00,250.55,250.9,250.55,250.85
2021-08-11T16:39:00,250.85,251.3,250.7,251.25
2021-08-11T16:44:00,251.3,251.35,251.1,251.2
2021-08-11T16:49:00,251.2,251.4,251.2,251.3
2021-08-11T16:54:00,251.25,251.4,251.15,251.25
2021-08-11T16:59:00,251.2,251.2,250.85,250.9
2021-08-11T17:04:00,250.9,250.95,250.6,250.65
2021-08-11T17:09:00,250.7,250.9,250.7,250.9
2021-08-11T17:14:00,250.85,251.05,250.85,251
2021-08-11T17:19:00,250.95,251,250.85,250.85
2021-08-11T17:24:00,250.85,250.85,250.8,250.85
2021-08-11T17:29:00,250.9,250.9,250.8,250.85
2021-08-11T17:34:00,250.85,251,250.85,251
2021-08-11T17:39:00,251,251.05,250.8,250.8
2021-08-11T17:42:00,250.95,250.95,250.8,250.95
2021-08-11T17:48:00,250.8,250.8,250.7,250.8
2021-08-11T17:54:00,250.7,250.8,250.6,250.6
2021-08-11T17:59:00,250.65,250.65,250.55,250.6
2021-08-11T18:04:00,250.55,250.95,250.55,250.95
2021-08-11T18:09:00,250.95,251.1,250.85,251.05
2021-08-11T18:14:00,251.05,251.2,251.05,251.05
2021-08-11T18:19:00,251,251,250.7,250.7
2021-08-11T18:24:00,250.7,250.85,250.6,250.7
2021-08-11T18:29:00,250.6,250.7,250.55,250.7
2021-08-11T19:33:00,250.95,251,250.9,250.9
2021-08-11T19:39:00,250.8,250.95,250.75,250.95
2021-08-11T19:44:00,250.95,251,250.85,251
2021-08-11T19:49:00,251.05,251.2,251.05,251.05
2021-08-11T19:54:00,251.1,251.25,251.1,251.15
2021-08-11T19:59:00,251.2,251.25,251,251.2
2021-08-11T20:04:00,251.1,251.25,251,251
2021-08-11T20:09:00,251,251.1,250.9,250.9
2021-08-11T20:14:00,250.95,251.45,250.95,251.4
2021-08-11T20:19:00,251.45,251.85,251.45,251.6
2021-08-11T20:24:00,251.6,251.7,251.55,251.6
2021-08-11T20:29:00,251.6,251.7,251.5,251.5
2021-08-11T20:34:00,251.65,251.65,251.4,251.5
2021-08-11T20:39:00,251.45,251.5,251.35,251.45
2021-08-11T20:49:00,251.3,251.3,251.15,251.3
2021-08-11T20:54:00,251.2,251.5,251.2,251.5
2021-08-11T20:59:00,251.5,251.55,251.45,251.55
2021-08-11T21:04:00,251.55,251.55,251.45,251.5
2021-08-11T21:08:00,251.5,251.6,251.45,251.6
2021-08-11T21:14:00,251.55,251.7,251.45,251.6
2021-08-11T21:19:00,251.6,251.65,251.5,251.6
2021-08-11T21:24:00,251.6,251.6,251.55,251.55
2021-08-11T21:29:00,251.6,251.65,251.55,251.55
2021-08-11T21:34:00,251.55,251.95,251.5,251.9
2021-08-11T21:37:00,251.9,251.9,251.75,251.75
2021-08-11T21:44:00,251.75,251.75,251.65,251.65
2021-08-11T21:48:00,251.6,251.7,251.6,251.7
2021-08-11T21:54:00,251.7,251.8,251.7,251.8
2021-08-11T21:58:00,251.8,251.85,251.75,251.75
2021-08-11T22:04:00,251.8,251.85,251.75,251.8
2021-08-11T22:34:00,251.85,251.85,251.65,251.7
2021-08-11T22:39:00,251.65,251.8,251.65,251.7
2021-08-11T22:44:00,251.7,251.7,251.4,251.4
2021-08-11T22:49:00,251.45,251.55,251.45,251.5
2021-08-11T22:54:00,251.5,251.5,251.25,251.3
2021-08-11T22:59:00,251.25,251.4,251.25,251.4
2021-08-11T23:04:00,251.35,251.55,251.35,251.55
2021-08-11T23:09:00,251.55,251.6,251.4,251.6
2021-08-11T23:14:00,251.65,251.75,251.55,251.55
2021-08-11T23:19:00,251.55,251.7,251.55,251.6
2021-08-11T23:24:00,251.55,251.65,251.5,251.5
2021-08-11T23:29:00,251.5,251.6,251.4,251.6
2021-08-11T23:29:00,251.5,251.6,251.4,251.6
2021-08-11T23:29:00,251.5,251.6,251.4,251.6
2021-08-12T11:04:00,251.5,251.8,251.5,251.7
2021-08-12T11:08:00,251.65,251.65,251.5,251.6
2021-08-12T11:14:00,251.55,251.55,251.45,251.45
2021-08-12T11:19:00,251.4,251.5,251.25,251.5
2021-08-12T11:24:00,251.45,251.45,251.35,251.35
2021-08-12T11:28:00,251.35,251.4,251.25,251.3
2021-08-12T11:34:00,251.2,251.3,251.1,251.2
2021-08-12T11:39:00,251.25,251.45,251.25,251.25
2021-08-12T11:44:00,251.3,251.4,251.25,251.4
2021-08-12T11:49:00,251.4,251.65,251.4,251.6
2021-08-12T11:54:00,251.65,252.15,251.65,251.9
2021-08-12T11:59:00,251.95,252,251.8,251.8
2021-08-12T12:04:00,251.8,251.95,251.8,251.9
2021-08-12T12:09:00,251.9,252.05,251.85,251.95
2021-08-12T12:14:00,251.95,251.95,251.8,251.9
2021-08-12T12:19:00,251.8,252,251.8,251.9
2021-08-12T12:23:00,251.9,251.9,251.75,251.9
2021-08-12T12:29:00,251.9,251.9,251.7,251.7
2021-08-12T13:24:00,251.75,251.85,251.75,251.85
2021-08-12T13:29:00,251.85,251.85,251.65,251.65
2021-08-12T13:33:00,251.7,251.7,251.25,251.25
2021-08-12T13:39:00,251.25,251.35,251.05,251.1
2021-08-12T13:44:00,251.1,251.25,250.95,251
2021-08-12T13:49:00,251,251.15,250.9,251.05
2021-08-12T13:54:00,251.05,251.2,251,251.2
2021-08-12T13:59:00,251.2,251.2,251.15,251.15
2021-08-12T14:02:00,251.05,251.25,251.05,251.1
2021-08-12T14:09:00,251.1,251.25,251.1,251.25
2021-08-12T14:14:00,251.25,251.25,251.2,251.25
2021-08-12T14:19:00,251.2,251.3,251.15,251.25
2021-08-12T14:23:00,251.4,251.4,251.25,251.35
2021-08-12T14:29:00,251.35,251.55,251.3,251.55
2021-08-12T14:34:00,251.55,251.55,251.45,251.45
2021-08-12T14:36:00,251.45,251.55,251.45,251.45
2021-08-12T14:44:00,251.55,251.55,251.45,251.55
2021-08-12T14:49:00,251.55,251.55,251.5,251.55
2021-08-12T14:53:00,251.55,251.55,251.55,251.55
2021-08-12T14:59:00,251.55,251.6,251.55,251.55
2021-08-12T15:03:00,251.6,251.6,251.35,251.4
2021-08-12T15:09:00,251.45,251.45,251.4,251.45
2021-08-12T15:13:00,251.45,251.45,251.45,251.45
2021-08-12T15:18:00,251.45,251.45,251.45,251.45
2021-08-12T15:20:00,251.4,251.4,251.4,251.4
2021-08-12T15:29:00,251.4,251.4,251.25,251.25
2021-08-12T15:34:00,251.2,251.25,251.2,251.2
2021-08-12T15:38:00,251.2,251.2,251.1,251.1
2021-08-12T15:43:00,251.1,251.1,251.05,251.05
2021-08-12T15:49:00,251.05,251.15,251.05,251.15
2021-08-12T15:54:00,251.2,251.2,251,251
2021-08-12T15:59:00,250.95,250.95,250.85,250.85
2021-08-12T16:04:00,250.85,250.85,250.5,250.6
2021-08-12T16:09:00,250.55,250.75,250.55,250.75
2021-08-12T16:14:00,250.7,250.7,250.55,250.55
2021-08-12T16:19:00,250.55,250.6,250.5,250.6
2021-08-12T16:24:00,250.6,250.6,250.55,250.6
2021-08-12T16:29:00,250.6,250.6,250.6,250.6
2021-08-12T16:34:00,250.6,250.65,250.6,250.65
2021-08-12T16:39:00,250.55,250.65,250.55,250.65
2021-08-12T16:44:00,250.65,250.7,250.55,250.55
2021-08-12T16:49:00,250.5,250.7,250.5,250.6
2021-08-12T16:54:00,250.55,250.6,250.2,250.2
2021-08-12T16:59:00,250.2,250.45,250.2,250.4
2021-08-12T17:04:00,250.4,250.4,250.2,250.2
2021-08-12T17:09:00,250.25,250.35,250.25,250.35
2021-08-12T17:12:00,250.3,250.35,250.3,250.35
2021-08-12T17:19:00,250.4,250.4,250.3,250.3
2021-08-12T17:24:00,250.3,250.3,250.1,250.25
2021-08-12T17:29:00,250.25,250.4,250.25,250.3
2021-08-12T17:34:00,250.3,250.3,250.1,250.1
2021-08-12T17:39:00,250.1,250.1,249.85,250.1
2021-08-12T17:43:00,250.1,250.15,250,250
2021-08-12T17:49:00,250.05,250.05,249.85,249.85
2021-08-12T17:54:00,249.9,250.1,249.9,250.1
2021-08-12T17:59:00,250.05,250.15,250.05,250.05
2021-08-12T18:04:00,250.05,250.25,250.05,250.25
2021-08-12T18:08:00,250.25,250.35,250.15,250.35
2021-08-12T18:13:00,250.3,250.3,250.25,250.3
2021-08-12T18:19:00,250.35,250.5,250.35,250.5
2021-08-12T18:24:00,250.5,250.65,250.5,250.5
2021-08-12T18:29:00,250.6,250.7,250.2,250.2
2021-08-12T18:34:00,250.2,250.2,249.3,249.5
2021-08-12T18:39:00,249.45,249.45,248.9,249.15
2021-08-12T18:44:00,249.1,249.3,249.1,249.25
2021-08-12T18:49:00,249.25,249.25,248.65,248.8
2021-08-12T18:54:00,248.8,249.05,248.6,248.65
2021-08-12T18:59:00,248.65,248.75,248.6,248.65
2021-08-12T19:09:00,248.6,248.6,248.3,248.6
2021-08-12T19:14:00,248.65,248.9,248.65,248.85
2021-08-12T19:19:00,248.8,248.8,248.6,248.7
2021-08-12T19:24:00,248.6,248.7,248.55,248.6
2021-08-12T19:28:00,248.7,248.9,248.7,248.75
2021-08-12T19:34:00,248.6,248.75,248.5,248.7
2021-08-12T19:39:00,248.55,248.75,248.45,248.55
2021-08-12T19:44:00,248.7,248.75,248.55,248.7
2021-08-12T22:48:00,248.7,248.75,248.25,248.3
2021-08-12T22:54:00,248.3,248.35,248.25,248.25
2021-08-12T22:59:00,248.25,248.35,248.25,248.35
2021-08-12T23:04:00,248.4,248.5,248.3,248.45
2021-08-12T23:09:00,248.4,248.5,248.4,248.4
2021-08-12T23:14:00,248.35,248.7,248.35,248.7
2021-08-12T23:19:00,248.7,248.7,248.55,248.65
2021-08-12T23:23:00,248.75,248.75,248.7,248.7
2021-08-12T23:28:00,248.65,248.8,248.6,248.65
2021-08-12T23:29:00,248.7,248.8,248.65,248.8
2021-08-12T23:29:00,248.7,248.8,248.65,248.8
2021-08-12T23:29:00,248.7,248.8,248.65,248.8
2021-08-12T23:29:00,248.7,248.8,248.65,248.8
2021-08-12T23:29:00,248.7,248.8,248.65,248.8
2021-08-12T23:29:00,248.7,248.8,248.65,248.8
2021-08-12T23:29:00,248.7,248.8,248.65,248.8
2021-08-12T23:29:00,248.7,248.8,248.65,248.8
2021-08-12T23:29:00,248.7,248.8,248.65,248.8
2021-08-13T10:21:00,248.7,248.8,248.1,248.1
2021-08-13T10:34:00,248.1,248.25,248.1,248.2
2021-08-13T10:38:00,248.35,248.35,248.3,248.35
2021-08-13T10:44:00,248.35,248.35,248.2,248.2
2021-08-13T10:45:00,248.2,248.2,248.15,248.15
2021-08-13T10:52:00,248.2,248.25,248.15,248.25
2021-08-13T10:58:00,248.25,248.35,248.2,248.35
2021-08-13T11:04:00,248.25,248.4,248.15,248.15
2021-08-13T11:09:00,248.1,248.15,247.95,248.05
2021-08-13T19:14:00,248.05,250.95,247.95,250.9
2021-08-13T19:19:00,251,251.05,250.9,251
2021-08-13T19:24:00,251,251,250.85,250.85
2021-08-13T19:28:00,250.9,250.95,250.85,250.9
2021-08-13T19:34:00,251,251.05,250.95,251.05
2021-08-13T19:38:00,251.15,251.2,251.1,251.2
2021-08-13T19:44:00,251.15,251.15,251.05,251.1
2021-08-13T20:09:00,251.15,251.15,250.95,251
2021-08-13T20:14:00,250.95,251.6,250.9,251.3
2021-08-13T20:19:00,251.3,251.4,251.25,251.3
2021-08-13T20:24:00,251.3,251.3,251.15,251.2
2021-08-13T20:29:00,251.15,251.15,250.5,250.55
2021-08-13T20:34:00,250.5,250.9,250.5,250.8
2021-08-13T20:39:00,250.9,250.9,250.65,250.65
2021-08-13T20:44:00,250.65,250.75,250.5,250.7
2021-08-13T20:49:00,250.7,250.7,250.5,250.5
2021-08-13T20:54:00,250.5,250.5,250.4,250.45
2021-08-13T20:59:00,250.5,250.5,250.2,250.25
2021-08-13T21:04:00,250.25,250.35,250.15,250.15
2021-08-13T21:09:00,250.3,250.5,250.1,250.2
2021-08-13T21:14:00,250.25,250.3,249.85,249.95
2021-08-13T21:19:00,249.9,250.1,249.9,250.05
2021-08-13T21:24:00,250,250.05,249.85,250.05
2021-08-13T21:29:00,250.15,250.25,250.15,250.2
2021-08-13T21:33:00,250.1,250.2,250.1,250.15
2021-08-13T21:39:00,250.15,250.35,250.15,250.15
2021-08-13T21:44:00,250.15,250.4,250.15,250.4
2021-08-13T21:48:00,250.4,250.5,250.4,250.45
2021-08-13T21:54:00,250.4,250.4,250.35,250.35
2021-08-13T21:59:00,250.3,250.4,250.3,250.4
2021-08-13T22:00:00,250.35,250.35,250.35,250.35
2021-08-13T22:09:00,250.3,250.35,250.15,250.15
2021-08-13T22:14:00,250.2,250.2,250.05,250.1
2021-08-13T22:19:00,250.1,250.15,250.05,250.15
2021-08-13T22:24:00,250.1,250.2,250.1,250.2
2021-08-13T22:29:00,250.2,250.25,250.15,250.15
2021-08-13T22:34:00,250.2,250.25,250.15,250.15
2021-08-13T22:39:00,250.25,250.3,250.25,250.3
2021-08-13T22:44:00,250.25,250.4,250.15,250.15
2021-08-13T22:47:00,250.2,250.2,250.2,250.2
2021-08-13T22:54:00,250.25,250.25,250.15,250.25
2021-08-13T22:59:00,250.25,250.25,250.2,250.25
2021-08-13T23:04:00,250.25,250.25,250.1,250.1
2021-08-13T23:09:00,250.1,250.15,250,250.15
2021-08-13T23:14:00,250.15,250.15,250.05,250.15
2021-08-13T23:19:00,250.25,250.25,250,250.05
2021-08-13T23:29:00,250.15,250.15,249.9,249.9
2021-08-13T23:29:00,250,250.15,249.9,249.9
2021-08-13T23:29:00,250,250.15,249.9,249.9
2021-08-13T23:29:00,250,250.15,249.9,249.9
2021-08-13T23:29:00,250,250.15,249.9,249.9
2021-08-13T23:29:00,250,250.15,249.9,249.9
2021-08-13T23:29:00,250,250.15,249.9,249.9
2021-08-13T23:29:00,250,250.15,249.9,249.9
2021-08-13T23:29:00,250,250.15,249.9,249.9
2021-08-16T10:38:00,249.5,249.5,249.45,249.45
2021-08-16T10:43:00,249.45,249.5,249.4,249.4
2021-08-16T10:49:00,249.4,249.5,249.3,249.3
2021-08-16T10:54:00,249.35,249.35,249.1,249.15
2021-08-16T10:59:00,249.15,249.2,249.1,249.1
2021-08-16T11:04:00,248.85,249.1,248.8,248.85
2021-08-16T11:09:00,248.8,248.9,248.65,248.9
2021-08-16T11:14:00,248.9,248.95,248.8,248.85
2021-08-16T11:19:00,248.85,248.9,248.75,248.85
2021-08-16T11:23:00,248.85,248.85,248.8,248.8
2021-08-16T11:29:00,248.8,248.8,248.4,248.45
2021-08-16T11:34:00,248.4,248.5,248.15,248.5
2021-08-16T11:39:00,248.5,248.55,248.4,248.45
2021-08-16T11:44:00,248.4,248.6,248.4,248.6
2021-08-16T11:48:00,248.45,248.45,248.4,248.45
2021-08-16T11:54:00,248.45,248.5,248.45,248.5
2021-08-16T11:59:00,248.5,248.55,248.4,248.5
2021-08-16T12:04:00,248.45,248.45,248.3,248.35
2021-08-16T12:07:00,248.35,248.4,248.35,248.4
2021-08-16T12:14:00,248.4,248.45,248.25,248.25
2021-08-16T12:18:00,248.25,248.25,247.95,248.1
2021-08-16T12:23:00,248.1,248.35,248.1,248.3
2021-08-16T12:29:00,248.35,248.4,248.3,248.3
2021-08-16T12:34:00,248.1,248.5,247.95,248.4
2021-08-16T12:39:00,248.35,248.6,248.3,248.45
2021-08-16T12:44:00,248.45,248.45,248.4,248.45
2021-08-16T12:49:00,248.45,248.45,248.15,248.2
2021-08-16T12:53:00,248.25,248.25,248.1,248.1
2021-08-16T12:59:00,248.1,248.15,248.1,248.15
2021-08-16T13:04:00,248.25,248.55,248.25,248.35
2021-08-16T13:07:00,248.3,248.5,248.3,248.35
2021-08-16T13:13:00,248.45,248.55,248.45,248.55
2021-08-16T13:19:00,248.45,248.5,248.45,248.5
2021-08-16T13:22:00,248.45,248.5,248.35,248.4
2021-08-16T13:25:00,248.4,248.4,248.3,248.3
2021-08-16T13:33:00,248.3,248.45,248.3,248.45
2021-08-16T13:39:00,248.45,249.1,248.45,248.9
2021-08-16T13:44:00,249.1,249.1,248.95,249.05
2021-08-16T13:49:00,249.1,249.4,249.1,249.15
2021-08-16T13:54:00,249.25,249.4,249.25,249.3
2021-08-16T13:59:00,249.3,249.3,249.2,249.2
2021-08-16T14:04:00,249.1,249.2,249,249.15
2021-08-16T14:09:00,249.2,249.45,249.2,249.45
2021-08-16T14:14:00,249.4,250.1,249.25,249.65
2021-08-16T14:19:00,249.65,249.85,249.55,249.85
2021-08-16T14:24:00,249.85,249.85,249.7,249.75
2021-08-16T14:29:00,249.7,249.8,249.7,249.7
2021-08-16T14:33:00,249.75,249.75,249.7,249.7
2021-08-16T14:39:00,249.7,249.8,249.7,249.75
2021-08-16T14:43:00,249.75,249.8,249.75,249.75
2021-08-16T14:49:00,249.7,249.7,249.55,249.6
2021-08-16T14:54:00,249.65,249.65,249.45,249.45
2021-08-16T14:59:00,249.45,249.5,249.45,249.5
2021-08-16T15:04:00,249.5,249.5,249.4,249.4
2021-08-16T15:09:00,249.45,249.6,249.45,249.45
2021-08-16T15:14:00,249.45,249.6,249.45,249.5
2021-08-16T15:15:00,249.55,249.55,249.45,249.45
2021-08-16T15:24:00,249.55,249.55,249.45,249.5
2021-08-16T15:29:00,249.5,249.6,249.5,249.5
2021-08-16T15:34:00,249.5,249.5,249.4,249.4
2021-08-16T15:39:00,249.45,249.5,249.25,249.5
2021-08-16T15:44:00,249.5,249.5,249.35,249.45
2021-08-16T15:49:00,249.5,249.55,249.45,249.55
2021-08-16T15:54:00,249.45,249.6,249.45,249.5
2021-08-16T15:59:00,249.5,249.6,249.5,249.55
2021-08-16T16:04:00,249.55,249.6,249.5,249.5
2021-08-16T16:07:00,249.5,249.5,249.5,249.5
2021-08-16T16:13:00,249.5,249.5,249.45,249.5
2021-08-16T16:19:00,249.5,249.5,249.45,249.5
2021-08-16T16:24:00,249.5,249.7,249.5,249.7
2021-08-16T16:29:00,249.7,249.8,249.7,249.75
2021-08-16T16:34:00,249.7,249.85,249.7,249.85
2021-08-16T16:39:00,249.8,249.95,249.75,249.95
2021-08-16T16:44:00,249.95,250.15,249.95,250.1
2021-08-16T16:49:00,250.1,250.1,250,250.05
2021-08-16T16:54:00,250,250,249.45,249.45
2021-08-16T16:59:00,249.4,249.5,249.4,249.45
2021-08-16T17:04:00,249.5,249.5,249.25,249.35
2021-08-16T17:09:00,249.5,249.5,249.3,249.5
2021-08-16T17:14:00,249.5,249.6,249.5,249.55
2021-08-16T17:19:00,249.55,249.7,249.55,249.7
2021-08-16T17:24:00,249.65,249.65,249.3,249.45
2021-08-16T17:29:00,249.45,249.8,249.45,249.65
2021-08-16T17:34:00,249.65,249.8,249.6,249.8
2021-08-16T17:39:00,249.8,250.35,249.8,250.1
2021-08-16T17:44:00,250.1,250.4,250.1,250.2
2021-08-16T17:48:00,250.25,250.25,250,250
2021-08-16T17:54:00,249.9,250.1,249.85,250
2021-08-16T17:59:00,249.95,250.1,249.95,250.1
2021-08-16T18:04:00,250.1,250.15,249.85,249.95
2021-08-16T18:09:00,249.95,250.35,249.95,250.3
2021-08-16T18:14:00,250.25,250.4,250.25,250.25
2021-08-16T18:24:00,250.25,250.25,250,250
2021-08-16T18:29:00,250,250.2,249.8,250.15
2021-08-16T18:34:00,250,250.5,250,250.45
2021-08-16T18:39:00,250.4,250.5,250.3,250.45
2021-08-16T18:44:00,250.5,250.75,250.25,250.75
2021-08-16T18:49:00,250.7,250.75,250.5,250.55
2021-08-16T18:54:00,250.6,250.65,250.5,250.65
2021-08-16T18:59:00,250.65,250.65,250.4,250.6
2021-08-16T19:04:00,250.65,250.65,250.25,250.25
2021-08-16T19:09:00,250.25,250.5,250.25,250.5
2021-08-16T19:14:00,250.5,250.7,250.5,250.65
2021-08-16T19:19:00,250.65,250.65,250.5,250.5
2021-08-16T19:24:00,250.5,250.6,250.3,250.3
2021-08-16T19:29:00,250.3,250.3,249.95,250
2021-08-16T19:34:00,250,250.3,250,250.2
2021-08-16T19:39:00,250.15,250.3,250.05,250.05
2021-08-16T19:44:00,250.05,250.1,249.95,249.95
2021-08-16T19:49:00,250.05,250.1,249.85,249.85
2021-08-16T19:54:00,249.85,249.9,249.85,249.9
2021-08-16T19:59:00,249.9,249.95,249.5,249.6
2021-08-16T20:04:00,249.65,249.65,249.4,249.6
2021-08-16T20:09:00,249.6,249.9,249.6,249.75
2021-08-16T20:14:00,249.8,249.8,249.7,249.7
2021-08-16T20:19:00,249.7,249.85,249.7,249.75
2021-08-16T20:24:00,249.8,250,249.8,249.95
2021-08-16T20:29:00,250,250.1,249.85,250
2021-08-16T20:34:00,249.95,250.05,249.8,249.85
2021-08-16T20:38:00,249.9,249.9,249.8,249.9
2021-08-16T20:44:00,249.9,250,249.85,250
2021-08-16T20:49:00,250.05,250.15,250,250.15
2021-08-16T20:54:00,250.15,250.2,250.1,250.1
2021-08-16T20:59:00,250.15,250.2,250.1,250.2
2021-08-16T21:03:00,250.2,250.3,250.2,250.3
2021-08-16T21:08:00,250.3,250.3,250.25,250.25
2021-08-16T21:14:00,250.25,250.25,250.15,250.15
2021-08-16T21:19:00,250.15,250.15,250.1,250.1
2021-08-16T21:24:00,250.1,250.2,250.1,250.1
2021-08-16T21:29:00,250.15,250.2,250.15,250.2
2021-08-16T21:30:00,250.15,250.15,250.15,250.15
2021-08-16T21:39:00,250.15,250.15,250.1,250.1
2021-08-16T21:44:00,250.1,250.1,250,250.05
2021-08-16T22:14:00,250.05,250.05,249.9,249.9
2021-08-16T22:19:00,249.9,250,249.9,250
2021-08-16T22:24:00,250,250.1,250,250.1
2021-08-16T22:29:00,250.1,250.2,250.1,250.2
2021-08-16T22:34:00,250.25,250.4,250.25,250.4
2021-08-16T22:39:00,250.4,250.4,250.2,250.2
2021-08-16T22:44:00,250.2,250.2,250.2,250.2
2021-08-16T22:49:00,250.2,250.25,250.2,250.25
2021-08-16T22:54:00,250.25,250.35,250.25,250.25
2021-08-16T22:59:00,250.35,250.35,250.25,250.3
2021-08-16T23:04:00,250.35,250.35,250.05,250.2
2021-08-16T23:09:00,250.2,250.35,250.15,250.35
2021-08-16T23:14:00,250.25,250.35,250.2,250.25
2021-08-16T23:18:00,250.25,250.3,250,250.15
2021-08-16T23:24:00,250.2,250.25,250.1,250.2
2021-08-16T23:29:00,250.25,250.4,250.1,250.4
2021-08-16T23:29:00,250.2,250.4,250.15,250.4
2021-08-16T23:29:00,250.2,250.4,250.15,250.4
2021-08-16T23:29:00,250.2,250.4,250.15,250.4
2021-08-16T23:29:00,250.2,250.4,250.15,250.4
2021-08-16T23:29:00,250.2,250.4,250.15,250.4
2021-08-16T23:29:00,250.2,250.4,250.15,250.4
2021-08-16T23:29:00,250.2,250.4,250.15,250.4
2021-08-17T11:24:00,250.2,251.45,250.15,251.35
2021-08-17T11:29:00,251.35,251.35,251.3,251.35
2021-08-17T11:34:00,251.4,251.6,251.4,251.4
2021-08-17T11:39:00,251.5,251.5,251.4,251.4
2021-08-17T11:42:00,251.3,251.35,251.25,251.35
2021-08-17T11:49:00,251.25,251.25,251.1,251.15
2021-08-17T11:54:00,251.1,251.1,250.7,250.7
2021-08-17T11:59:00,250.7,251.05,250.55,250.9
2021-08-17T12:04:00,250.9,251.1,250.9,250.95
2021-08-17T12:09:00,250.95,251.15,250.9,250.9
2021-08-17T12:14:00,250.9,251.05,250.9,251
2021-08-17T12:19:00,251,251,250.8,250.8
2021-08-17T12:24:00,250.9,251,250.8,250.8
2021-08-17T12:29:00,250.8,251.05,250.75,251.05
2021-08-17T12:34:00,251.05,251.4,251.05,251.35
2021-08-17T12:39:00,251.2,251.2,251.05,251.05
2021-08-17T12:44:00,251.05,251.05,250.6,250.7
2021-08-17T12:52:00,250.85,251.1,250.85,251.1
2021-08-17T12:59:00,251.1,251.2,251.05,251.1
2021-08-17T13:03:00,251.15,251.2,251.1,251.15
2021-08-17T13:08:00,251.2,251.2,251.05,251.05
2021-08-17T13:14:00,251.1,251.2,251.1,251.2
2021-08-17T13:18:00,251.2,251.2,250.75,250.85
2021-08-17T13:20:00,250.9,250.9,250.9,250.9
2021-08-17T13:29:00,250.9,251,250.9,251
2021-08-17T13:34:00,251,251.2,251,251
2021-08-17T13:36:00,250.9,250.9,250.8,250.8
2021-08-17T13:42:00,250.8,251,250.8,251
2021-08-17T13:42:00,251,251,251,251
2021-08-17T13:52:00,250.9,250.9,250.65,250.65
2021-08-17T13:59:00,250.65,250.85,250.65,250.85
2021-08-17T14:04:00,250.85,250.85,250.65,250.75
2021-08-17T14:09:00,250.75,250.8,250.75,250.75
2021-08-17T14:14:00,250.75,250.8,250.7,250.7
2021-08-17T14:19:00,250.6,250.6,250.5,250.6
2021-08-17T14:24:00,250.55,250.55,250.35,250.4
2021-08-17T14:29:00,250.45,250.6,250.45,250.6
2021-08-17T14:39:00,250.65,250.65,250.15,250.2
2021-08-17T14:44:00,250.15,250.25,250.1,250.1
2021-08-17T14:49:00,250.1,250.3,250.1,250.2
2021-08-17T14:59:00,250.2,250.2,250,250
2021-08-17T15:04:00,250.05,250.2,250.05,250.2
2021-08-17T15:08:00,250.2,250.4,250.2,250.4
2021-08-17T15:13:00,250.35,250.35,250.25,250.35
2021-08-17T15:19:00,250.3,250.4,250.3,250.4
2021-08-17T15:24:00,250.4,250.4,250.35,250.4
2021-08-17T15:29:00,250.35,250.45,250.35,250.45
2021-08-17T15:34:00,250.35,250.35,250.3,250.3
2021-08-17T15:38:00,250.3,250.4,250.3,250.4
2021-08-17T15:44:00,250.4,250.4,250.3,250.3
2021-08-17T15:44:00,250.35,250.35,250.3,250.3
2021-08-17T15:54:00,250.35,250.35,250.25,250.3
2021-08-17T15:59:00,250.25,250.35,250.2,250.2
2021-08-17T16:04:00,250.2,250.25,250.15,250.2
2021-08-17T16:09:00,250.2,250.2,249.8,249.9
2021-08-17T18:04:00,249.9,250,248.2,248.3
2021-08-17T18:09:00,248.25,248.5,248.25,248.5
2021-08-17T18:14:00,248.35,248.8,248.35,248.7
2021-08-17T18:24:00,248.8,248.9,248.65,248.9
2021-08-17T18:39:00,249.05,249.85,248.8,249.85
2021-08-17T18:44:00,249.8,249.8,249.55,249.6
2021-08-17T18:49:00,249.6,249.6,249.35,249.55
2021-08-17T20:09:00,249.45,249.6,248.6,248.65
2021-08-17T20:14:00,248.6,248.9,248.35,248.9
2021-08-17T20:19:00,248.9,249,248.75,249
2021-08-17T20:24:00,249,249.15,248.9,249.1
2021-08-17T20:29:00,249.2,249.7,249.2,249.6
2021-08-17T20:34:00,249.7,249.7,249.35,249.5
2021-08-17T20:39:00,249.45,249.7,249.35,249.55
2021-08-17T20:44:00,249.6,249.85,249.5,249.75
2021-08-17T20:49:00,249.75,249.75,249.5,249.55
2021-08-17T20:53:00,249.5,249.55,249.5,249.55
2021-08-17T20:59:00,249.5,249.5,249.45,249.45
2021-08-17T21:14:00,249.4,249.4,249.2,249.3
2021-08-17T21:19:00,249.3,249.35,249.2,249.25
2021-08-17T21:23:00,249.25,249.25,249.2,249.25
2021-08-17T21:29:00,249.25,249.45,249.25,249.35
2021-08-17T21:34:00,249.4,249.4,249.3,249.35
2021-08-17T22:29:00,249.3,249.35,249,249
2021-08-18T11:04:00,249.1,250.2,249.1,250.15
2021-08-18T11:08:00,250.1,250.15,250,250.1
2021-08-18T11:14:00,250.1,250.1,250,250
2021-08-18T11:19:00,250,250,249.7,249.75
2021-08-18T11:24:00,249.8,249.8,249.5,249.5
2021-08-18T11:29:00,249.5,249.5,249.3,249.3
2021-08-18T11:34:00,249.15,249.3,248.9,248.95
2021-08-18T11:39:00,248.95,249,248.85,248.85
2021-08-18T11:44:00,248.8,248.8,248.6,248.75
2021-08-18T11:49:00,248.75,248.75,248.6,248.7
2021-08-18T11:54:00,248.65,248.8,248.65,248.8
2021-08-18T12:19:00,248.3,248.3,248.15,248.3
2021-08-18T12:24:00,248.3,248.45,248.25,248.45
2021-08-18T12:29:00,248.45,248.5,248.3,248.3
2021-08-18T12:34:00,248.4,248.4,247.9,248.05
2021-08-18T12:39:00,248,248,247.55,247.6
2021-08-18T12:44:00,247.6,247.75,247.6,247.75
2021-08-18T13:34:00,247.65,248,247.6,248
2021-08-18T13:39:00,247.95,248.1,247.95,248.1
2021-08-18T13:44:00,248.05,248.05,247.65,247.8
2021-08-18T13:49:00,247.75,247.75,247.35,247.4
2021-08-18T13:54:00,247.45,247.65,247.45,247.65
2021-08-18T13:58:00,247.6,247.8,247.55,247.8
2021-08-18T14:04:00,247.75,247.8,247.7,247.75
2021-08-18T14:09:00,247.8,247.8,247.7,247.75
2021-08-18T15:09:00,247.8,247.8,247.5,247.5
2021-08-18T15:14:00,247.4,247.6,247.4,247.6
2021-08-18T15:18:00,247.6,247.6,247.4,247.45
2021-08-18T15:23:00,247.45,247.5,247.35,247.35
2021-08-18T15:29:00,247.3,247.4,247.25,247.25
2021-08-18T15:34:00,247.25,247.25,246.75,246.9
2021-08-18T15:39:00,246.95,246.95,246.75,246.85
2021-08-18T15:44:00,246.85,247.1,246.85,247.05
2021-08-18T15:49:00,247,247.05,247,247.05
2021-08-18T15:54:00,247.05,247.05,246.9,247
2021-08-18T15:59:00,247,247,246.9,246.9
2021-08-18T16:04:00,247,247.3,247,247.25
2021-08-18T16:09:00,247.25,247.25,247,247.1
2021-08-18T16:14:00,247,247.25,247,247.25
2021-08-18T16:19:00,247.3,247.55,247.15,247.4
2021-08-18T16:23:00,247.5,247.75,247.45,247.45
2021-08-18T16:29:00,247.4,247.45,247.35,247.45
2021-08-18T16:33:00,247.5,247.5,247.3,247.3
2021-08-18T16:37:00,247.3,247.35,247.25,247.3
2021-08-18T17:29:00,247.2,247.75,247.2,247.5
2021-08-18T17:33:00,247.6,247.8,247.6,247.8
2021-08-18T17:39:00,247.7,247.85,247.65,247.7
2021-08-18T17:44:00,247.75,247.8,247.3,247.35
2021-08-18T17:49:00,247.35,247.5,247.25,247.5
2021-08-18T17:54:00,247.5,247.7,247.5,247.5
2021-08-18T17:58:00,247.55,247.65,247.55,247.6
2021-08-18T18:04:00,247.6,247.85,247.6,247.75
2021-08-18T18:09:00,247.7,247.7,247.6,247.65
2021-08-18T18:13:00,247.7,247.7,247.55,247.55
2021-08-18T18:19:00,247.55,247.65,247.45,247.65
2021-08-18T18:24:00,247.65,247.75,247.65,247.75
2021-08-18T18:29:00,247.8,248.35,247.8,248.3
2021-08-18T18:34:00,248.35,248.4,248.1,248.25
2021-08-18T18:39:00,248.2,248.5,248.2,248.45
2021-08-18T18:44:00,248.5,248.65,248.45,248.55
2021-08-18T18:49:00,248.6,248.6,248.3,248.35
2021-08-18T18:54:00,248.3,248.3,248.1,248.1
2021-08-18T18:59:00,248.1,248.15,247.75,247.75
2021-08-18T19:04:00,247.8,247.85,247.7,247.75
2021-08-18T19:09:00,247.7,247.75,247.25,247.3
2021-08-18T19:14:00,247.3,247.5,247.3,247.35
2021-08-18T19:19:00,247.35,247.35,247.15,247.15
2021-08-18T19:24:00,247.15,247.55,247.15,247.55
2021-08-18T19:29:00,247.5,247.6,247.35,247.6
2021-08-18T19:34:00,247.55,247.6,247.4,247.6
2021-08-18T19:39:00,247.6,247.6,247.35,247.35
2021-08-18T19:44:00,247.35,247.4,247.15,247.35
2021-08-18T19:49:00,247.35,247.5,247.3,247.4
2021-08-18T19:54:00,247.4,247.6,247.4,247.6
2021-08-18T19:59:00,247.35,247.45,247.05,247.05
2021-08-18T20:04:00,247.1,247.3,246.9,247.2
2021-08-18T20:09:00,247.2,247.2,247,247.15
2021-08-18T20:14:00,247.05,247.05,246.4,246.5
2021-08-18T20:19:00,246.9,247,246.4,246.8
2021-08-18T20:24:00,246.7,247,246.6,246.6
2021-08-18T20:29:00,246.7,246.7,246.25,246.4
2021-08-18T20:34:00,246.4,246.8,246.4,246.7
2021-08-18T20:39:00,246.6,246.8,246.6,246.8
2021-08-18T20:44:00,246.7,246.7,246.5,246.6
2021-08-18T20:49:00,246.6,246.65,246.55,246.65
2021-08-18T20:54:00,246.6,246.7,246.6,246.7
2021-08-18T20:59:00,246.7,246.75,246.65,246.75
2021-08-18T21:04:00,246.75,246.75,246.65,246.7
2021-08-18T21:09:00,246.7,246.7,246.6,246.6
2021-08-18T21:14:00,246.6,246.7,246.6,246.65
2021-08-18T21:19:00,246.7,246.85,246.7,246.8
2021-08-18T21:24:00,246.85,246.85,246.6,246.65
2021-08-18T21:27:00,246.75,246.75,246.65,246.65
2021-08-18T21:33:00,246.8,246.8,246.75,246.8
2021-08-18T21:38:00,246.75,246.9,246.75,246.85
2021-08-18T21:44:00,246.8,246.9,246.8,246.9
2021-08-18T21:49:00,246.9,246.9,246.85,246.85
2021-08-18T21:53:00,246.85,246.85,246.85,246.85
2021-08-18T21:59:00,246.85,247.05,246.85,247.05
2021-08-18T22:04:00,247.05,247.15,247.05,247.1
2021-08-18T22:09:00,247.1,247.25,247.1,247.25
2021-08-18T22:13:00,247.3,247.3,247.25,247.3
2021-08-18T22:19:00,247.25,247.5,247.05,247.5
2021-08-18T22:24:00,247.5,247.5,247.25,247.35
2021-08-18T22:29:00,247.4,247.45,247.3,247.4
2021-08-18T22:34:00,247.45,247.45,247.35,247.45
2021-08-18T22:39:00,247.35,247.4,247.15,247.2
2021-08-18T22:43:00,247.2,247.2,247.15,247.15
2021-08-18T22:48:00,247.15,247.15,247.05,247.15
2021-08-18T22:54:00,247.1,247.2,247.1,247.15
2021-08-19T17:14:00,247.2,247.2,243.3,243.45
2021-08-19T17:19:00,243.45,243.7,243.45,243.7
2021-08-19T17:24:00,243.7,243.9,243.65,243.7
2021-08-19T17:29:00,243.7,243.9,243.65,243.7
2021-08-19T17:34:00,243.75,243.75,243.55,243.6
2021-08-19T17:39:00,243.65,243.75,243.55,243.75
2021-08-19T17:44:00,243.7,244.05,243.7,244
2021-08-19T17:49:00,244,244.05,243.9,243.95
2021-08-19T17:54:00,243.9,244.05,243.85,244.05
2021-08-19T17:59:00,244.15,244.15,243.9,243.9
2021-08-19T18:04:00,243.95,244,243.85,243.85
2021-08-19T18:09:00,243.85,244.15,243.85,244.15
2021-08-19T18:14:00,244.15,244.15,243.95,244
2021-08-19T18:19:00,244,244.05,243.85,243.95
2021-08-19T18:24:00,243.95,243.95,243.75,243.9
2021-08-19T18:29:00,243.95,244.5,243.95,244.45
2021-08-19T18:34:00,244.65,245.15,244.55,245.15
2021-08-19T18:39:00,245.05,245.3,244.95,245.3
2021-08-19T18:44:00,245.2,245.7,245.2,245.6
2021-08-19T18:49:00,245.6,245.75,245.4,245.5
2021-08-19T18:54:00,245.65,245.65,245.3,245.4
2021-08-19T20:42:00,245.35,245.6,244.95,245
2021-08-19T20:49:00,244.9,244.95,244.8,244.9
2021-08-19T20:54:00,244.85,244.9,244.8,244.85
2021-08-19T20:59:00,244.85,244.85,244.7,244.7
2021-08-19T21:04:00,244.65,244.65,244.5,244.55
2021-08-19T21:09:00,244.5,245,244.5,245
2021-08-19T22:14:00,244.9,245,244.85,244.85
2021-08-19T22:19:00,244.85,244.95,244.85,244.85
2021-08-19T22:21:00,244.8,244.8,244.75,244.75
2021-08-19T22:28:00,244.8,244.85,244.8,244.85
2021-08-19T22:34:00,244.8,244.85,244.8,244.85
2021-08-19T22:39:00,244.8,244.85,244.75,244.85
2021-08-19T22:44:00,244.85,244.95,244.85,244.95
2021-08-19T22:49:00,244.95,245.1,244.95,245
2021-08-19T22:54:00,244.7,245.05,244.7,245.05
2021-08-19T22:58:00,245,245.1,245,245.1
2021-08-19T23:04:00,245,245,244.85,244.9
2021-08-19T23:09:00,244.85,244.95,244.85,244.95
2021-08-19T23:14:00,245,245.05,244.9,244.9
2021-08-19T23:19:00,244.8,244.85,244.65,244.8
2021-08-19T23:24:00,244.85,245,244.85,244.9
2021-08-19T23:29:00,244.9,244.95,244.7,244.8
2021-08-19T23:29:00,244.8,244.95,244.8,244.8
2021-08-19T23:29:00,244.8,244.95,244.8,244.8
2021-08-19T23:29:00,244.8,244.95,244.8,244.8
2021-08-19T23:29:00,244.8,244.95,244.8,244.8
2021-08-19T23:29:00,244.8,244.95,244.8,244.8
2021-08-19T23:29:00,244.8,244.95,244.8,244.8
2021-08-19T23:29:00,244.8,244.95,244.8,244.8
2021-08-19T23:29:00,244.8,244.95,244.8,244.8
2021-08-19T23:29:00,244.8,244.95,244.8,244.8
2021-08-19T23:29:00,244.8,244.95,244.8,244.8
2021-08-19T23:29:00,244.8,244.95,244.8,244.8
2021-08-19T23:29:00,244.8,244.95,244.8,244.8
2021-08-19T23:29:00,244.8,244.95,244.8,244.8
2021-08-19T23:29:00,244.8,244.95,244.8,244.8
2021-08-19T23:29:00,244.8,244.95,244.8,244.8
2021-08-19T23:29:00,244.8,244.95,244.8,244.8
2021-08-19T23:29:00,244.8,244.95,244.8,244.8
2021-08-19T23:29:00,244.8,244.95,244.8,244.8
2021-08-19T23:29:00,244.8,244.95,244.8,244.8
2021-08-19T23:29:00,244.8,244.95,244.8,244.8
2021-08-19T23:29:00,244.8,244.95,244.8,244.8
2021-08-19T23:29:00,244.8,244.95,244.8,244.8
2021-08-19T23:29:00,244.8,244.95,244.8,244.8
2021-08-19T23:29:00,244.8,244.95,244.8,244.8
2021-08-19T23:29:00,244.8,244.95,244.8,244.8
2021-08-19T23:29:00,244.8,244.95,244.8,244.8
2021-08-19T23:29:00,244.8,244.95,244.8,244.8
2021-08-19T23:29:00,244.8,244.95,244.8,244.8
2021-08-19T23:29:00,244.8,244.95,244.8,244.8
2021-08-19T23:29:00,244.8,244.95,244.8,244.8
2021-08-19T23:29:00,244.8,244.95,244.8,244.8
2021-08-19T23:29:00,244.8,244.95,244.8,244.8
2021-08-19T23:29:00,244.8,244.95,244.8,244.8
2021-08-20T10:49:00,244.8,247.2,244.8,247.05
2021-08-20T10:54:00,247.05,247.1,246.85,247.05
2021-08-20T10:58:00,247.2,247.3,247,247
2021-08-20T11:04:00,246.8,247.1,246.75,247.1
2021-08-20T11:09:00,247,247,246.65,246.65
2021-08-20T11:13:00,246.6,246.7,246.45,246.5
2021-08-20T11:18:00,246.8,246.95,246.65,246.7
2021-08-20T11:24:00,246.85,247,246.75,247
2021-08-20T11:28:00,247.05,247.05,246.8,246.85
2021-08-20T11:28:00,246.8,246.85,246.8,246.85
2021-08-20T11:39:00,246.8,247.1,246.8,247.1
2021-08-20T11:44:00,247.15,247.15,247,247.05
2021-08-20T11:48:00,247.1,247.15,247.1,247.15
2021-08-20T11:54:00,247.1,247.2,247.05,247.05
2021-08-20T11:59:00,247.1,247.1,246.75,246.75
2021-08-20T12:04:00,246.9,247.05,246.9,246.95
2021-08-20T12:09:00,246.95,247,246.8,247
2021-08-20T12:14:00,246.95,247,246.9,246.95
2021-08-20T12:19:00,246.9,246.9,246.75,246.85
2021-08-20T12:24:00,246.85,246.9,246.85,246.9
2021-08-20T12:29:00,246.9,246.9,246.8,246.9
2021-08-20T12:34:00,246.9,246.9,246.5,246.5
2021-08-20T12:39:00,246.5,246.65,246.4,246.65
2021-08-20T12:44:00,246.7,246.8,246.6,246.7
2021-08-20T12:48:00,246.65,246.75,246.55,246.7
2021-08-20T12:52:00,246.55,246.65,246.55,246.65
2021-08-20T12:59:00,246.55,246.6,246.45,246.5
2021-08-20T13:04:00,246.5,247,246.5,246.9
2021-08-20T13:34:00,247,247,246.6,246.75
2021-08-20T13:39:00,246.75,246.75,246.35,246.5
2021-08-20T13:44:00,246.5,246.5,246.1,246.2
2021-08-20T13:49:00,246.15,246.15,245.4,245.7
2021-08-20T13:54:00,245.7,245.7,245.5,245.65
2021-08-20T13:59:00,245.6,245.7,245.45,245.5
2021-08-20T14:04:00,245.5,245.5,245.15,245.2
2021-08-20T14:09:00,245.2,245.2,244.9,245.1
2021-08-20T14:14:00,244.9,245.1,244.9,245.05
2021-08-20T14:19:00,245.2,245.3,245.15,245.3
2021-08-20T14:24:00,245.4,245.4,245.3,245.4
2021-08-20T14:29:00,245.1,245.25,245.1,245.2
2021-08-20T14:33:00,245.25,245.25,245.2,245.2
2021-08-20T14:37:00,245.25,245.25,245.2,245.2
2021-08-20T14:44:00,245.2,245.25,245.2,245.25
2021-08-20T14:49:00,245.2,245.35,245.2,245.35
2021-08-20T14:53:00,245.35,245.45,245.35,245.4
2021-08-20T14:55:00,245.35,245.35,245.35,245.35
2021-08-20T15:04:00,245.35,245.4,245.35,245.4
2021-08-20T15:09:00,245.4,245.65,245.4,245.6
2021-08-20T15:14:00,245.6,245.6,245.55,245.55
2021-08-20T15:19:00,245.55,245.7,245.55,245.7
2021-08-20T15:23:00,245.7,245.75,245.65,245.75
2021-08-20T15:27:00,245.8,245.85,245.8,245.8
2021-08-20T15:47:00,245.8,245.8,245.5,245.5
2021-08-20T15:54:00,245.5,245.5,245.4,245.45
2021-08-20T15:58:00,245.4,245.5,245.4,245.5
2021-08-20T16:02:00,245.4,245.55,245.4,245.55
2021-08-20T16:09:00,245.65,245.65,245.45,245.45
2021-08-20T16:14:00,245.5,245.5,245.45,245.45
2021-08-20T16:19:00,245.4,245.45,245.4,245.45
2021-08-20T16:24:00,245.4,245.45,245.2,245.35
2021-08-20T16:25:00,245.4,245.45,245.4,245.45
2021-08-20T16:33:00,245.2,245.2,245.15,245.15
2021-08-20T16:39:00,245.15,245.4,245.15,245.4
2021-08-20T16:42:00,245.35,245.4,245.35,245.4
2021-08-20T16:49:00,245.3,245.3,245.25,245.25
2021-08-20T16:54:00,245.25,245.45,245.25,245.45
2021-08-20T16:59:00,245.45,245.5,245.4,245.5
2021-08-20T17:04:00,245.45,245.55,245.4,245.4
2021-08-20T17:09:00,245.4,245.65,245.4,245.65
2021-08-20T17:14:00,245.65,245.7,245.65,245.7
2021-08-20T17:19:00,245.65,245.7,245.55,245.7
2021-08-20T17:24:00,245.8,245.8,245.45,245.45
2021-08-20T17:28:00,245.65,245.65,245.55,245.6
2021-08-20T17:34:00,245.5,246.3,245.5,246.2
2021-08-20T17:39:00,246.05,246.05,245.9,245.9
2021-08-20T17:44:00,245.85,245.85,245.2,245.25
2021-08-20T17:49:00,245.3,245.4,245.25,245.4
2021-08-20T17:53:00,245.4,245.5,245.4,245.45
2021-08-20T17:59:00,245.4,245.45,245.35,245.35
2021-08-20T18:04:00,245.35,245.4,245.25,245.4
2021-08-23T12:54:00,246.65,247,246.65,247
2021-08-23T12:59:00,247,247,246.65,246.65
2021-08-23T13:02:00,246.8,246.8,246.6,246.7
2021-08-23T13:08:00,246.7,246.95,246.7,246.8
2021-08-23T13:14:00,246.8,246.95,246.8,246.95
2021-08-23T13:19:00,247,247.2,247,247.2
2021-08-23T13:43:00,247.1,247.3,247.05,247.05
2021-08-23T13:49:00,247.05,247.35,247.05,247.35
2021-08-23T13:54:00,247.25,247.75,247.2,247.2
2021-08-23T13:59:00,247.3,247.3,247.2,247.2
2021-08-23T14:03:00,247.1,247.2,247.1,247.2
2021-08-23T14:08:00,247.15,247.15,247.1,247.1
2021-08-23T14:14:00,247.1,247.15,246.95,247.15
2021-08-23T14:18:00,247.3,247.3,247.1,247.1
2021-08-23T14:23:00,247,247.15,247,247.05
2021-08-23T14:29:00,247.15,247.25,247.15,247.2
2021-08-23T14:31:00,247.2,247.2,247.1,247.1
2021-08-23T14:39:00,247.1,247.4,247.1,247.4
2021-08-23T14:43:00,247.4,247.75,247.4,247.7
2021-08-23T14:48:00,247.6,247.65,247.55,247.55
2021-08-23T14:52:00,247.55,247.55,247.4,247.4
2021-08-23T14:59:00,247.45,247.45,247.3,247.3
2021-08-23T15:04:00,247.2,247.45,247.2,247.35
2021-08-23T15:09:00,247.45,247.45,247.3,247.3
2021-08-23T15:12:00,247.3,247.35,247.3,247.35
2021-08-23T15:19:00,247.35,247.35,247.25,247.25
2021-08-23T15:21:00,247.15,247.2,247.15,247.2
2021-08-23T15:29:00,247.15,247.15,246.95,246.95
2021-08-23T15:34:00,246.95,247,246.9,246.95
2021-08-23T15:39:00,247.05,247.05,246.9,246.9
2021-08-23T15:44:00,247,247,246.95,246.95
2021-08-23T15:49:00,246.95,246.95,246.9,246.9
2021-08-23T15:52:00,246.9,246.9,246.85,246.85
2021-08-23T15:58:00,246.85,246.95,246.85,246.95
2021-08-23T16:03:00,246.95,246.95,246.85,246.85
2021-08-23T16:09:00,246.85,246.85,246.8,246.8
2021-08-23T16:13:00,246.8,246.8,246.8,246.8
2021-08-23T16:16:00,246.8,246.8,246.8,246.8
2021-08-23T16:24:00,246.8,246.8,246.75,246.75
2021-08-23T16:28:00,246.75,246.9,246.75,246.85
2021-08-23T16:57:00,246.85,246.95,246.8,246.8
2021-08-23T17:04:00,246.9,247.05,246.85,247.05
2021-08-23T17:07:00,247.1,247.35,247.1,247.2
2021-08-23T17:14:00,247.25,247.4,247.2,247.35
2021-08-23T17:19:00,247.35,247.45,247.3,247.35
2021-08-23T17:24:00,247.35,247.4,247.3,247.35
2021-08-23T17:29:00,247.35,247.35,247.25,247.25
2021-08-23T17:34:00,247.25,247.25,247.1,247.1
2021-08-23T17:39:00,247.05,247.2,247.05,247.2
2021-08-23T17:42:00,247.2,247.2,247.2,247.2
2021-08-23T17:48:00,247.3,247.3,247.25,247.3
2021-08-23T17:54:00,247.3,247.3,247.15,247.15
2021-08-23T17:59:00,247.2,247.35,247.2,247.3
2021-08-23T18:04:00,247.3,247.45,247,247
2021-08-23T18:09:00,247.05,247.15,246.9,246.95
2021-08-23T18:14:00,246.9,247.1,246.9,247.1
2021-08-23T18:15:00,247.15,247.15,247.15,247.15
2021-08-23T18:24:00,247.15,247.25,247.15,247.25
2021-08-23T18:29:00,247.25,247.25,247.15,247.15
2021-08-23T18:34:00,247.3,247.3,246.85,247
2021-08-23T18:37:00,247,247.05,247,247.05
2021-08-23T18:44:00,247.1,247.3,247.1,247.25
2021-08-23T18:48:00,247.25,247.45,247.15,247.3
2021-08-23T18:54:00,247.15,247.25,247.15,247.25
2021-08-23T18:54:00,247.25,247.25,247.25,247.25
2021-08-23T19:04:00,247.15,247.3,247.15,247.15
2021-08-23T19:05:00,247.25,247.25,247.25,247.25
2021-08-23T19:14:00,247.25,247.35,247.2,247.2
2021-08-23T19:19:00,247.3,247.3,247.15,247.15
2021-08-23T19:24:00,247.15,247.35,247.15,247.25
2021-08-23T19:29:00,247.25,247.45,247.25,247.4
2021-08-23T19:34:00,247.4,247.65,247.4,247.65
2021-08-23T19:39:00,247.65,248,247.6,248
2021-08-23T19:44:00,248,248.3,248,248.1
2021-08-23T19:49:00,248.15,248.25,248.05,248.05
2021-08-23T19:54:00,248.05,248.2,248,248.05
2021-08-23T19:58:00,248.05,248.1,248,248.1
2021-08-23T20:04:00,248,248,247.85,247.85
2021-08-23T20:08:00,247.8,247.8,247.6,247.65
2021-08-23T20:14:00,247.65,247.75,247.55,247.55
2021-08-23T20:19:00,247.4,247.45,247.3,247.3
2021-08-23T20:23:00,247.35,247.4,247.3,247.35
2021-08-23T20:34:00,247.25,247.45,247.25,247.45
2021-08-23T20:38:00,247.55,247.7,247.55,247.7
2021-08-23T20:42:00,247.65,247.65,247.55,247.55
2021-08-23T20:49:00,247.55,247.7,247.5,247.65
2021-08-23T20:54:00,247.65,247.95,247.65,247.95
2021-08-23T20:59:00,248,248,247.95,248
2021-08-23T21:04:00,248.1,248.15,248.05,248.15
2021-08-23T21:09:00,248.05,248.15,248.05,248.1
2021-08-23T21:13:00,248.05,248.15,248.05,248.05
2021-08-23T21:19:00,248.1,248.15,248.05,248.15
2021-08-23T21:23:00,248.05,248.15,248.05,248.1
2021-08-23T21:29:00,248.1,248.1,248.1,248.1
2021-08-23T21:34:00,248.15,248.2,248.05,248.2
2021-08-23T21:39:00,248.2,248.2,248.1,248.1
2021-08-23T21:44:00,248.05,248.05,247.9,247.95
2021-08-23T21:44:00,247.95,247.95,247.95,247.95
2021-08-23T21:53:00,247.95,247.95,247.95,247.95
2021-08-23T21:59:00,247.85,247.85,247.8,247.8
2021-08-23T22:04:00,247.8,247.8,247.6,247.6
2021-08-23T22:09:00,247.55,247.55,247.4,247.5
2021-08-23T22:12:00,247.5,247.65,247.5,247.65
2021-08-23T22:12:00,247.55,247.65,247.55,247.65
2021-08-23T22:23:00,247.55,247.65,247.55,247.65
2021-08-23T22:29:00,247.6,247.6,247.55,247.55
2021-08-23T22:30:00,247.65,247.65,247.65,247.65
2021-08-23T22:35:00,247.5,247.5,247.45,247.45
2021-08-23T22:43:00,247.5,247.65,247.5,247.65
2021-08-23T22:49:00,247.7,247.7,247.6,247.6
2021-08-23T22:57:00,247.55,247.55,247.5,247.5
2021-08-23T23:04:00,247.55,247.55,247.4,247.45
2021-08-23T23:09:00,247.45,247.45,247.4,247.4
2021-08-23T23:14:00,247.4,247.5,247.35,247.35
2021-08-23T23:17:00,247.3,247.3,247.05,247.1
2021-08-23T23:24:00,247.3,247.3,247,247.05
2021-08-23T23:29:00,247.1,247.15,246.6,246.6
2021-08-23T23:29:00,246.85,246.85,246.6,246.6
2021-08-23T23:29:00,246.85,246.85,246.6,246.6
2021-08-23T23:29:00,246.85,246.85,246.6,246.6
2021-08-23T23:29:00,246.85,246.85,246.6,246.6
2021-08-23T23:29:00,246.85,246.85,246.6,246.6
2021-08-23T23:29:00,246.85,246.85,246.6,246.6
2021-08-23T23:29:00,246.85,246.85,246.6,246.6
2021-08-23T23:29:00,246.85,246.85,246.6,246.6
2021-08-23T23:29:00,246.85,246.85,246.6,246.6
2021-08-23T23:29:00,246.85,246.85,246.6,246.6
2021-08-23T23:29:00,246.85,246.85,246.6,246.6
2021-08-23T23:29:00,246.85,246.85,246.6,246.6
2021-08-23T23:29:00,246.85,246.85,246.6,246.6
2021-08-23T23:29:00,246.85,246.85,246.6,246.6
2021-08-23T23:29:00,246.85,246.85,246.6,246.6
2021-08-23T23:29:00,246.85,246.85,246.6,246.6
2021-08-23T23:29:00,246.85,246.85,246.6,246.6
2021-08-23T23:29:00,246.85,246.85,246.6,246.6
2021-08-23T23:29:00,246.85,246.85,246.6,246.6
2021-08-23T23:29:00,246.85,246.85,246.6,246.6
2021-08-23T23:29:00,246.85,246.85,246.6,246.6
2021-08-23T23:29:00,246.85,246.85,246.6,246.6
2021-08-23T23:29:00,246.85,246.85,246.6,246.6
2021-08-23T23:29:00,246.85,246.85,246.6,246.6
2021-08-23T23:29:00,246.85,246.85,246.6,246.6
2021-08-23T23:29:00,246.85,246.85,246.6,246.6
2021-08-23T23:29:00,246.85,246.85,246.6,246.6
2021-08-23T23:29:00,246.85,246.85,246.6,246.6
2021-08-23T23:29:00,246.85,246.85,246.6,246.6
2021-08-23T23:29:00,246.85,246.85,246.6,246.6
2021-08-23T23:29:00,246.85,246.85,246.6,246.6
2021-08-23T23:29:00,246.85,246.85,246.6,246.6
2021-08-23T23:29:00,246.85,246.85,246.6,246.6
2021-08-23T23:29:00,246.85,246.85,246.6,246.6
2021-08-23T23:29:00,246.85,246.85,246.6,246.6
2021-08-23T23:29:00,246.85,246.85,246.6,246.6
2021-08-23T23:29:00,246.85,246.85,246.6,246.6
2021-08-23T23:29:00,246.85,246.85,246.6,246.6
2021-08-23T23:29:00,246.85,246.85,246.6,246.6
2021-08-23T23:29:00,246.85,246.85,246.6,246.6
2021-08-23T23:29:00,246.85,246.85,246.6,246.6
2021-08-23T23:29:00,246.85,246.85,246.6,246.6
2021-08-23T23:29:00,246.85,246.85,246.6,246.6
2021-08-23T23:29:00,246.85,246.85,246.6,246.6
2021-08-23T23:29:00,246.85,246.85,246.6,246.6
2021-08-23T23:29:00,246.85,246.85,246.6,246.6
2021-08-23T23:29:00,246.85,246.85,246.6,246.6
2021-08-23T23:29:00,246.85,246.85,246.6,246.6
2021-08-24T16:18:00,246.85,248.4,246.6,248.4
2021-08-24T16:22:00,248.4,248.4,248.3,248.3
2021-08-24T16:22:00,248.3,248.3,248.3,248.3
2021-08-24T16:34:00,248.3,248.3,248.05,248.05
2021-08-24T16:39:00,248.1,248.25,248.1,248.25
2021-08-24T16:41:00,248.25,248.25,248.2,248.2
2021-08-24T16:49:00,248.15,248.35,248.15,248.3
2021-08-24T16:54:00,248.35,248.6,248.3,248.55
2021-08-24T16:59:00,248.55,248.6,248.45,248.45
2021-08-24T17:04:00,248.4,248.5,248.35,248.5
2021-08-24T17:08:00,248.5,248.8,248.5,248.7
2021-08-24T17:14:00,248.7,248.85,248.65,248.7
2021-08-24T17:19:00,248.65,249.6,248.65,249.35
2021-08-24T17:24:00,249.3,249.6,249,249.05
2021-08-24T17:29:00,249.1,249.15,249,249.1
2021-08-24T17:34:00,249.1,249.35,249.1,249.1
2021-08-24T17:39:00,249.2,249.2,249.05,249.2
2021-08-24T17:44:00,249.1,249.1,248.95,249
2021-08-24T17:49:00,249,249,248.95,249
2021-08-24T17:54:00,249,249.1,248.75,249.1
2021-08-24T17:58:00,248.85,248.9,248.85,248.9
2021-08-24T18:03:00,248.9,248.9,248.85,248.85
2021-08-24T18:07:00,248.85,248.85,248.75,248.75
2021-08-24T18:14:00,248.75,248.75,248.65,248.65
2021-08-24T18:24:00,248.7,248.95,248.7,248.95
2021-08-24T18:29:00,248.85,248.95,248.85,248.85
2021-08-24T18:33:00,248.9,248.9,248.7,248.7
2021-08-24T18:39:00,248.8,249.15,248.8,249.1
2021-08-24T18:44:00,249,249.25,249,249.15
2021-08-24T18:49:00,249.15,249.85,249.15,249.7
2021-08-24T18:54:00,249.7,249.7,249.6,249.6
2021-08-24T18:59:00,249.55,249.8,249.55,249.7
2021-08-24T19:03:00,249.75,249.9,249.6,249.6
2021-08-24T19:09:00,249.6,249.6,249.5,249.55
2021-08-24T19:14:00,249.55,249.6,249.55,249.55
2021-08-24T19:19:00,249.55,249.8,249.55,249.8
2021-08-24T19:24:00,249.8,249.8,249.5,249.5
2021-08-24T19:29:00,249.4,249.55,249.4,249.55
2021-08-24T19:34:00,249.55,249.55,249.45,249.5
2021-08-24T19:37:00,249.45,249.5,249.4,249.45
2021-08-24T19:44:00,249.45,249.45,249.1,249.15
2021-08-24T19:49:00,249.15,249.15,249,249.1
2021-08-24T19:54:00,249.05,249.5,249.05,249.3
2021-08-24T19:59:00,249.3,249.4,249.25,249.4
2021-08-24T20:04:00,249.3,249.75,249.3,249.65
2021-08-24T20:07:00,249.6,249.65,249.5,249.5
2021-08-24T20:13:00,249.5,249.55,249.5,249.55
2021-08-24T20:19:00,249.65,249.65,249.3,249.45
2021-08-24T20:23:00,249.45,249.6,249.35,249.35
2021-08-24T20:29:00,249.35,249.7,249.35,249.65
2021-08-24T20:32:00,249.6,249.65,249.6,249.65
2021-08-24T20:38:00,249.6,249.6,249.45,249.5
2021-08-24T20:44:00,249.5,249.5,249.3,249.45
2021-08-24T20:49:00,249.45,249.45,249.35,249.35
2021-08-24T20:52:00,249.2,249.25,249.2,249.25
2021-08-24T20:59:00,249.25,249.25,249.1,249.1
2021-08-24T21:03:00,249.05,249.4,249.05,249.4
2021-08-24T21:06:00,249.35,249.35,249.3,249.3
2021-08-24T21:14:00,249.3,249.45,249.3,249.3
2021-08-24T21:18:00,249.3,249.4,249.3,249.4
2021-08-24T21:23:00,249.4,249.4,249.15,249.15
2021-08-24T21:26:00,249.15,249.2,249.15,249.2
2021-08-24T21:30:00,249.3,249.3,249.3,249.3
2021-08-24T21:39:00,249.3,249.3,249.2,249.2
2021-08-24T21:44:00,249.2,249.3,249.1,249.1
2021-08-24T21:47:00,249.1,249.15,249.1,249.15
2021-08-24T21:54:00,249.15,249.3,249.15,249.25
2021-08-24T21:58:00,249.25,249.45,249.25,249.45
2021-08-24T22:04:00,249.3,249.5,249.3,249.35
2021-08-24T22:09:00,249.5,249.5,249.45,249.5
2021-08-24T22:14:00,249.5,249.75,249.5,249.6
2021-08-24T22:19:00,249.8,249.8,249.35,249.6
2021-08-24T22:24:00,249.65,249.9,249.65,249.8
2021-08-24T22:29:00,249.9,250.05,249.75,250.05
2021-08-24T22:34:00,250.1,250.15,249.95,249.95
2021-08-24T22:39:00,250,250.15,250,250.05
2021-08-24T22:44:00,250.15,250.15,249.8,250
2021-08-24T22:48:00,249.95,249.95,249.8,249.8
2021-08-24T22:54:00,249.85,249.85,249.55,249.55
2021-08-24T22:59:00,249.55,249.65,249.55,249.6
2021-08-24T23:03:00,249.65,249.65,249.45,249.45
2021-08-24T23:09:00,249.5,249.7,249.45,249.65
2021-08-24T23:14:00,249.65,249.7,249.5,249.55
2021-08-24T23:19:00,249.55,250.25,249.55,249.65
